     diagonalizing the dynamical matrix ...

 q =       0.0000      0.0000      0.0000
 **************************************************************************
     freq (    1) =      -1.997297 [THz] =     -66.622662 [cm-1]
 ( -0.192234   0.000000    -0.005904   0.000000     0.143601   0.000000   )
 (  0.008107   0.000000    -0.220948   0.000000     0.263075   0.000000   )
 ( -0.008107   0.000000    -0.220948   0.000000    -0.263075   0.000000   )
 (  0.192234   0.000000    -0.005904   0.000000    -0.143601   0.000000   )
 ( -0.031466   0.000000    -0.140722   0.000000     0.099045   0.000000   )
 (  0.031466   0.000000    -0.140722   0.000000    -0.099045   0.000000   )
 (  0.001965   0.000000    -0.170465   0.000000     0.022595   0.000000   )
 ( -0.001965   0.000000    -0.170465   0.000000    -0.022595   0.000000   )
 (  0.000000   0.000000    -0.168062   0.000000     0.000000   0.000000   )
 (  0.000000   0.000000    -0.168062   0.000000     0.000000   0.000000   )
 ( -0.001965   0.000000    -0.170465   0.000000    -0.022595   0.000000   )
 (  0.001965   0.000000    -0.170465   0.000000     0.022595   0.000000   )
 (  0.031466   0.000000    -0.140722   0.000000    -0.099045   0.000000   )
 ( -0.031466   0.000000    -0.140722   0.000000     0.099045   0.000000   )
 ( -0.192234   0.000000    -0.005904   0.000000     0.143601   0.000000   )
 (  0.008107   0.000000    -0.220948   0.000000     0.263075   0.000000   )
 ( -0.008107   0.000000    -0.220948   0.000000    -0.263075   0.000000   )
 (  0.192234   0.000000    -0.005904   0.000000    -0.143601   0.000000   )
     freq (    2) =      -1.738946 [THz] =     -58.005001 [cm-1]
 (  0.221120   0.000000    -0.237097   0.000000    -0.165081   0.000000   )
 ( -0.010178   0.000000     0.007318   0.000000    -0.301837   0.000000   )
 (  0.010178   0.000000     0.007318   0.000000     0.301837   0.000000   )
 ( -0.221120   0.000000    -0.237097   0.000000     0.165081   0.000000   )
 (  0.036168   0.000000    -0.083764   0.000000    -0.114244   0.000000   )
 ( -0.036168   0.000000    -0.083764   0.000000     0.114244   0.000000   )
 ( -0.001031   0.000000    -0.052108   0.000000    -0.027432   0.000000   )
 (  0.001031   0.000000    -0.052108   0.000000     0.027432   0.000000   )
 ( -0.000000   0.000000    -0.055340   0.000000    -0.000000   0.000000   )
 ( -0.000000   0.000000    -0.055340   0.000000    -0.000000   0.000000   )
 (  0.001031   0.000000    -0.052108   0.000000     0.027432   0.000000   )
 ( -0.001031   0.000000    -0.052108   0.000000    -0.027432   0.000000   )
 ( -0.036168   0.000000    -0.083764   0.000000     0.114244   0.000000   )
 (  0.036168   0.000000    -0.083764   0.000000    -0.114244   0.000000   )
 (  0.221120   0.000000    -0.237097   0.000000    -0.165081   0.000000   )
 ( -0.010178   0.000000     0.007318   0.000000    -0.301837   0.000000   )
 (  0.010178   0.000000     0.007318   0.000000     0.301837   0.000000   )
 ( -0.221120   0.000000    -0.237097   0.000000     0.165081   0.000000   )
     freq (    3) =      -1.163315 [THz] =     -38.804004 [cm-1]
 ( -0.075689   0.000000     0.046616   0.000000    -0.203633   0.000000   )
 ( -0.076403   0.000000    -0.013646   0.000000    -0.183370   0.000000   )
 ( -0.076403   0.000000     0.013646   0.000000    -0.183370   0.000000   )
 ( -0.075689   0.000000    -0.046616   0.000000    -0.203633   0.000000   )
 ( -0.075213   0.000000     0.006765   0.000000    -0.213176   0.000000   )
 ( -0.075213   0.000000    -0.006765   0.000000    -0.213176   0.000000   )
 ( -0.074694   0.000000     0.000277   0.000000    -0.258332   0.000000   )
 ( -0.074694   0.000000    -0.000277   0.000000    -0.258332   0.000000   )
 ( -0.073056   0.000000     0.000000   0.000000    -0.264021   0.000000   )
 ( -0.073056   0.000000     0.000000   0.000000    -0.264021   0.000000   )
 ( -0.074694   0.000000    -0.000277   0.000000    -0.258332   0.000000   )
 ( -0.074694   0.000000     0.000277   0.000000    -0.258332   0.000000   )
 ( -0.075213   0.000000    -0.006765   0.000000    -0.213176   0.000000   )
 ( -0.075213   0.000000     0.006765   0.000000    -0.213176   0.000000   )
 ( -0.075689   0.000000     0.046616   0.000000    -0.203633   0.000000   )
 ( -0.076403   0.000000    -0.013646   0.000000    -0.183370   0.000000   )
 ( -0.076403   0.000000     0.013646   0.000000    -0.183370   0.000000   )
 ( -0.075689   0.000000    -0.046616   0.000000    -0.203633   0.000000   )
     freq (    4) =       0.781823 [THz] =      26.078800 [cm-1]
 (  0.004069   0.000000     0.114664   0.000000     0.261339   0.000000   )
 (  0.002058   0.000000    -0.029205   0.000000     0.310778   0.000000   )
 (  0.002058   0.000000     0.029205   0.000000     0.310778   0.000000   )
 (  0.004069   0.000000    -0.114664   0.000000     0.261339   0.000000   )
 (  0.002529   0.000000     0.019123   0.000000     0.239009   0.000000   )
 (  0.002529   0.000000    -0.019123   0.000000     0.239009   0.000000   )
 (  0.001719   0.000000     0.001477   0.000000     0.116597   0.000000   )
 (  0.001719   0.000000    -0.001477   0.000000     0.116597   0.000000   )
 ( -0.000000   0.000000    -0.000387   0.000000    -0.000000   0.000000   )
 ( -0.000000   0.000000     0.000387   0.000000    -0.000000   0.000000   )
 ( -0.001719   0.000000     0.001477   0.000000    -0.116597   0.000000   )
 ( -0.001719   0.000000    -0.001477   0.000000    -0.116597   0.000000   )
 ( -0.002529   0.000000     0.019123   0.000000    -0.239009   0.000000   )
 ( -0.002529   0.000000    -0.019123   0.000000    -0.239009   0.000000   )
 ( -0.004069   0.000000    -0.114664   0.000000    -0.261339   0.000000   )
 ( -0.002058   0.000000     0.029205   0.000000    -0.310778   0.000000   )
 ( -0.002058   0.000000    -0.029205   0.000000    -0.310778   0.000000   )
 ( -0.004069   0.000000     0.114664   0.000000    -0.261339   0.000000   )
     freq (    5) =       2.088935 [THz] =      69.679388 [cm-1]
 ( -0.230413   0.000000     0.204318   0.000000     0.173219   0.000000   )
 (  0.007588   0.000000    -0.072218   0.000000     0.321695   0.000000   )
 ( -0.007588   0.000000    -0.072218   0.000000    -0.321695   0.000000   )
 (  0.230413   0.000000     0.204318   0.000000    -0.173219   0.000000   )
 ( -0.038262   0.000000     0.030380   0.000000     0.116828   0.000000   )
 (  0.038262   0.000000     0.030380   0.000000    -0.116828   0.000000   )
 (  0.000790   0.000000    -0.003861   0.000000     0.017771   0.000000   )
 ( -0.000790   0.000000    -0.003861   0.000000    -0.017771   0.000000   )
 (  0.001727   0.000000     0.000000   0.000000     0.007774   0.000000   )
 ( -0.001727   0.000000     0.000000   0.000000    -0.007774   0.000000   )
 (  0.000790   0.000000     0.003861   0.000000     0.017771   0.000000   )
 ( -0.000790   0.000000     0.003861   0.000000    -0.017771   0.000000   )
 ( -0.038262   0.000000    -0.030380   0.000000     0.116828   0.000000   )
 (  0.038262   0.000000    -0.030380   0.000000    -0.116828   0.000000   )
 (  0.230413   0.000000    -0.204318   0.000000    -0.173219   0.000000   )
 ( -0.007588   0.000000     0.072218   0.000000    -0.321695   0.000000   )
 (  0.007588   0.000000     0.072218   0.000000     0.321695   0.000000   )
 ( -0.230413   0.000000    -0.204318   0.000000     0.173219   0.000000   )
     freq (    6) =       2.580040 [THz] =      86.060866 [cm-1]
 (  0.226167   0.000000    -0.018069   0.000000    -0.080990   0.000000   )
 (  0.224348   0.000000     0.004758   0.000000    -0.089443   0.000000   )
 (  0.224348   0.000000    -0.004758   0.000000    -0.089443   0.000000   )
 (  0.226167   0.000000     0.018069   0.000000    -0.080990   0.000000   )
 (  0.224111   0.000000    -0.003238   0.000000    -0.077398   0.000000   )
 (  0.224111   0.000000     0.003238   0.000000    -0.077398   0.000000   )
 (  0.218583   0.000000    -0.001241   0.000000    -0.063216   0.000000   )
 (  0.218583   0.000000     0.001241   0.000000    -0.063216   0.000000   )
 (  0.216960   0.000000    -0.000000   0.000000    -0.064319   0.000000   )
 (  0.216960   0.000000    -0.000000   0.000000    -0.064319   0.000000   )
 (  0.218583   0.000000     0.001241   0.000000    -0.063216   0.000000   )
 (  0.218583   0.000000    -0.001241   0.000000    -0.063216   0.000000   )
 (  0.224111   0.000000     0.003238   0.000000    -0.077398   0.000000   )
 (  0.224111   0.000000    -0.003238   0.000000    -0.077398   0.000000   )
 (  0.226167   0.000000    -0.018069   0.000000    -0.080990   0.000000   )
 (  0.224348   0.000000     0.004758   0.000000    -0.089443   0.000000   )
 (  0.224348   0.000000    -0.004758   0.000000    -0.089443   0.000000   )
 (  0.226167   0.000000     0.018069   0.000000    -0.080990   0.000000   )
     freq (    7) =       4.483433 [THz] =     149.551211 [cm-1]
 ( -0.004215   0.000000    -0.255379   0.000000    -0.200961   0.000000   )
 ( -0.006949   0.000000     0.071807   0.000000    -0.313440   0.000000   )
 ( -0.006949   0.000000    -0.071807   0.000000    -0.313440   0.000000   )
 ( -0.004215   0.000000     0.255379   0.000000    -0.200961   0.000000   )
 ( -0.008913   0.000000    -0.038078   0.000000    -0.148816   0.000000   )
 ( -0.008913   0.000000     0.038078   0.000000    -0.148816   0.000000   )
 ( -0.010983   0.000000    -0.001309   0.000000     0.086529   0.000000   )
 ( -0.010983   0.000000     0.001309   0.000000     0.086529   0.000000   )
 ( -0.011498   0.000000     0.000000   0.000000     0.138404   0.000000   )
 ( -0.011498   0.000000     0.000000   0.000000     0.138404   0.000000   )
 ( -0.010983   0.000000     0.001309   0.000000     0.086529   0.000000   )
 ( -0.010983   0.000000    -0.001309   0.000000     0.086529   0.000000   )
 ( -0.008913   0.000000     0.038078   0.000000    -0.148816   0.000000   )
 ( -0.008913   0.000000    -0.038078   0.000000    -0.148816   0.000000   )
 ( -0.004215   0.000000    -0.255379   0.000000    -0.200961   0.000000   )
 ( -0.006949   0.000000     0.071807   0.000000    -0.313440   0.000000   )
 ( -0.006949   0.000000    -0.071807   0.000000    -0.313440   0.000000   )
 ( -0.004215   0.000000     0.255379   0.000000    -0.200961   0.000000   )
     freq (    8) =       8.720340 [THz] =     290.879216 [cm-1]
 (  0.102367   0.000000    -0.336675   0.000000    -0.100847   0.000000   )
 (  0.042062   0.000000     0.072221   0.000000    -0.258829   0.000000   )
 (  0.042062   0.000000    -0.072221   0.000000    -0.258829   0.000000   )
 (  0.102367   0.000000     0.336675   0.000000    -0.100847   0.000000   )
 (  0.063181   0.000000    -0.062067   0.000000    -0.031008   0.000000   )
 (  0.063181   0.000000     0.062067   0.000000    -0.031008   0.000000   )
 (  0.027856   0.000000    -0.018342   0.000000     0.177945   0.000000   )
 (  0.027856   0.000000     0.018342   0.000000     0.177945   0.000000   )
 (  0.000000   0.000000    -0.029678   0.000000     0.000000   0.000000   )
 (  0.000000   0.000000     0.029678   0.000000    -0.000000   0.000000   )
 ( -0.027856   0.000000    -0.018342   0.000000    -0.177945   0.000000   )
 ( -0.027856   0.000000     0.018342   0.000000    -0.177945   0.000000   )
 ( -0.063181   0.000000    -0.062067   0.000000     0.031008   0.000000   )
 ( -0.063181   0.000000     0.062067   0.000000     0.031008   0.000000   )
 ( -0.102367   0.000000     0.336675   0.000000     0.100847   0.000000   )
 ( -0.042062   0.000000    -0.072221   0.000000     0.258829   0.000000   )
 ( -0.042062   0.000000     0.072221   0.000000     0.258829   0.000000   )
 ( -0.102367   0.000000    -0.336675   0.000000     0.100847   0.000000   )
     freq (    9) =      10.275295 [THz] =     342.746935 [cm-1]
 (  0.291740   0.000000     0.090629   0.000000     0.043696   0.000000   )
 (  0.252994   0.000000    -0.010054   0.000000     0.063467   0.000000   )
 (  0.252994   0.000000     0.010054   0.000000     0.063467   0.000000   )
 (  0.291740   0.000000    -0.090629   0.000000     0.043696   0.000000   )
 (  0.247251   0.000000     0.010134   0.000000     0.026568   0.000000   )
 (  0.247251   0.000000    -0.010134   0.000000     0.026568   0.000000   )
 (  0.124257   0.000000     0.006200   0.000000    -0.094766   0.000000   )
 (  0.124257   0.000000    -0.006200   0.000000    -0.094766   0.000000   )
 (  0.000000   0.000000    -0.021388   0.000000     0.000000   0.000000   )
 (  0.000000   0.000000     0.021388   0.000000     0.000000   0.000000   )
 ( -0.124257   0.000000     0.006200   0.000000     0.094766   0.000000   )
 ( -0.124257   0.000000    -0.006200   0.000000     0.094766   0.000000   )
 ( -0.247251   0.000000     0.010134   0.000000    -0.026568   0.000000   )
 ( -0.247251   0.000000    -0.010134   0.000000    -0.026568   0.000000   )
 ( -0.291740   0.000000    -0.090629   0.000000    -0.043696   0.000000   )
 ( -0.252994   0.000000     0.010054   0.000000    -0.063467   0.000000   )
 ( -0.252994   0.000000    -0.010054   0.000000    -0.063467   0.000000   )
 ( -0.291740   0.000000     0.090629   0.000000    -0.043696   0.000000   )
     freq (   10) =      12.939878 [THz] =     431.627874 [cm-1]
 (  0.028221   0.000000     0.333666   0.000000     0.000669   0.000000   )
 ( -0.060574   0.000000    -0.006546   0.000000     0.087388   0.000000   )
 (  0.060574   0.000000    -0.006546   0.000000    -0.087388   0.000000   )
 ( -0.028221   0.000000     0.333666   0.000000    -0.000669   0.000000   )
 ( -0.001631   0.000000     0.124103   0.000000    -0.048949   0.000000   )
 (  0.001631   0.000000     0.124103   0.000000     0.048949   0.000000   )
 (  0.000781   0.000000     0.042120   0.000000    -0.239864   0.000000   )
 ( -0.000781   0.000000     0.042120   0.000000     0.239864   0.000000   )
 ( -0.017070   0.000000    -0.000000   0.000000    -0.313899   0.000000   )
 (  0.017070   0.000000     0.000000   0.000000     0.313899   0.000000   )
 (  0.000781   0.000000    -0.042120   0.000000    -0.239864   0.000000   )
 ( -0.000781   0.000000    -0.042120   0.000000     0.239864   0.000000   )
 ( -0.001631   0.000000    -0.124103   0.000000    -0.048949   0.000000   )
 (  0.001631   0.000000    -0.124103   0.000000     0.048949   0.000000   )
 ( -0.028221   0.000000    -0.333666   0.000000    -0.000669   0.000000   )
 (  0.060574   0.000000     0.006546   0.000000    -0.087388   0.000000   )
 ( -0.060574   0.000000     0.006546   0.000000     0.087388   0.000000   )
 (  0.028221   0.000000    -0.333666   0.000000     0.000669   0.000000   )
     freq (   11) =      14.411057 [THz] =     480.701132 [cm-1]
 ( -0.138642   0.000000     0.315248   0.000000     0.033785   0.000000   )
 (  0.014894   0.000000    -0.081580   0.000000     0.213919   0.000000   )
 (  0.014894   0.000000     0.081580   0.000000     0.213919   0.000000   )
 ( -0.138642   0.000000    -0.315248   0.000000     0.033785   0.000000   )
 ( -0.028287   0.000000     0.053177   0.000000    -0.038738   0.000000   )
 ( -0.028287   0.000000    -0.053177   0.000000    -0.038738   0.000000   )
 (  0.023773   0.000000     0.005887   0.000000    -0.141203   0.000000   )
 (  0.023773   0.000000    -0.005887   0.000000    -0.141203   0.000000   )
 (  0.040368   0.000000    -0.000000   0.000000     0.319798   0.000000   )
 (  0.040368   0.000000     0.000000   0.000000     0.319798   0.000000   )
 (  0.023773   0.000000    -0.005887   0.000000    -0.141203   0.000000   )
 (  0.023773   0.000000     0.005887   0.000000    -0.141203   0.000000   )
 ( -0.028287   0.000000    -0.053177   0.000000    -0.038738   0.000000   )
 ( -0.028287   0.000000     0.053177   0.000000    -0.038738   0.000000   )
 ( -0.138642   0.000000     0.315248   0.000000     0.033785   0.000000   )
 (  0.014894   0.000000    -0.081580   0.000000     0.213919   0.000000   )
 (  0.014894   0.000000     0.081580   0.000000     0.213919   0.000000   )
 ( -0.138642   0.000000    -0.315248   0.000000     0.033785   0.000000   )
     freq (   12) =      15.492279 [THz] =     516.766796 [cm-1]
 ( -0.057451   0.000000    -0.115632   0.000000     0.068494   0.000000   )
 (  0.038541   0.000000    -0.311372   0.000000     0.142415   0.000000   )
 ( -0.038541   0.000000    -0.311372   0.000000    -0.142415   0.000000   )
 (  0.057451   0.000000    -0.115632   0.000000    -0.068494   0.000000   )
 ( -0.008633   0.000000    -0.268236   0.000000     0.030504   0.000000   )
 (  0.008633   0.000000    -0.268236   0.000000    -0.030504   0.000000   )
 ( -0.019477   0.000000    -0.136672   0.000000    -0.092503   0.000000   )
 (  0.019477   0.000000    -0.136672   0.000000     0.092503   0.000000   )
 (  0.029487   0.000000    -0.000000   0.000000    -0.133507   0.000000   )
 ( -0.029487   0.000000     0.000000   0.000000     0.133507   0.000000   )
 ( -0.019477   0.000000     0.136672   0.000000    -0.092503   0.000000   )
 (  0.019477   0.000000     0.136672   0.000000     0.092503   0.000000   )
 ( -0.008633   0.000000     0.268236   0.000000     0.030504   0.000000   )
 (  0.008633   0.000000     0.268236   0.000000    -0.030504   0.000000   )
 (  0.057451   0.000000     0.115632   0.000000    -0.068494   0.000000   )
 ( -0.038541   0.000000     0.311372   0.000000    -0.142415   0.000000   )
 (  0.038541   0.000000     0.311372   0.000000     0.142415   0.000000   )
 ( -0.057451   0.000000     0.115632   0.000000     0.068494   0.000000   )
     freq (   13) =      15.498827 [THz] =     516.985223 [cm-1]
 (  0.012909   0.000000    -0.143718   0.000000     0.058117   0.000000   )
 ( -0.221423   0.000000    -0.305559   0.000000     0.026226   0.000000   )
 ( -0.221423   0.000000     0.305559   0.000000     0.026226   0.000000   )
 (  0.012909   0.000000     0.143718   0.000000     0.058117   0.000000   )
 ( -0.014153   0.000000    -0.184891   0.000000     0.051112   0.000000   )
 ( -0.014153   0.000000     0.184891   0.000000     0.051112   0.000000   )
 (  0.002651   0.000000    -0.163447   0.000000    -0.083437   0.000000   )
 (  0.002651   0.000000     0.163447   0.000000    -0.083437   0.000000   )
 ( -0.000000   0.000000    -0.155159   0.000000     0.000000   0.000000   )
 (  0.000000   0.000000     0.155159   0.000000    -0.000000   0.000000   )
 ( -0.002651   0.000000    -0.163447   0.000000     0.083437   0.000000   )
 ( -0.002651   0.000000     0.163447   0.000000     0.083437   0.000000   )
 (  0.014153   0.000000    -0.184891   0.000000    -0.051112   0.000000   )
 (  0.014153   0.000000     0.184891   0.000000    -0.051112   0.000000   )
 ( -0.012909   0.000000     0.143718   0.000000    -0.058117   0.000000   )
 (  0.221423   0.000000     0.305559   0.000000    -0.026226   0.000000   )
 (  0.221423   0.000000    -0.305559   0.000000    -0.026226   0.000000   )
 ( -0.012909   0.000000    -0.143718   0.000000    -0.058117   0.000000   )
     freq (   14) =      16.385243 [THz] =     546.552859 [cm-1]
 (  0.008215   0.000000    -0.348033   0.000000    -0.031506   0.000000   )
 (  0.066312   0.000000     0.160444   0.000000    -0.175818   0.000000   )
 ( -0.066312   0.000000     0.160444   0.000000     0.175818   0.000000   )
 ( -0.008215   0.000000    -0.348033   0.000000     0.031506   0.000000   )
 (  0.008653   0.000000    -0.024925   0.000000     0.048077   0.000000   )
 ( -0.008653   0.000000    -0.024925   0.000000    -0.048077   0.000000   )
 (  0.002087   0.000000     0.025254   0.000000     0.250533   0.000000   )
 ( -0.002087   0.000000     0.025254   0.000000    -0.250533   0.000000   )
 ( -0.000000   0.000000     0.026252   0.000000     0.000000   0.000000   )
 ( -0.000000   0.000000     0.026252   0.000000     0.000000   0.000000   )
 ( -0.002087   0.000000     0.025254   0.000000    -0.250533   0.000000   )
 (  0.002087   0.000000     0.025254   0.000000     0.250533   0.000000   )
 ( -0.008653   0.000000    -0.024925   0.000000    -0.048077   0.000000   )
 (  0.008653   0.000000    -0.024925   0.000000     0.048077   0.000000   )
 (  0.008215   0.000000    -0.348033   0.000000    -0.031506   0.000000   )
 (  0.066312   0.000000     0.160444   0.000000    -0.175818   0.000000   )
 ( -0.066312   0.000000     0.160444   0.000000     0.175818   0.000000   )
 ( -0.008215   0.000000    -0.348033   0.000000     0.031506   0.000000   )
     freq (   15) =      17.363461 [THz] =     579.182713 [cm-1]
 ( -0.358057   0.000000     0.122250   0.000000    -0.006159   0.000000   )
 ( -0.132513   0.000000    -0.096513   0.000000     0.140949   0.000000   )
 ( -0.132513   0.000000     0.096513   0.000000     0.140949   0.000000   )
 ( -0.358057   0.000000    -0.122250   0.000000    -0.006159   0.000000   )
 ( -0.146809   0.000000     0.018399   0.000000    -0.048165   0.000000   )
 ( -0.146809   0.000000    -0.018399   0.000000    -0.048165   0.000000   )
 (  0.101848   0.000000    -0.014846   0.000000     0.075131   0.000000   )
 (  0.101848   0.000000     0.014846   0.000000     0.075131   0.000000   )
 (  0.181237   0.000000    -0.000000   0.000000    -0.079975   0.000000   )
 (  0.181237   0.000000     0.000000   0.000000    -0.079975   0.000000   )
 (  0.101848   0.000000     0.014846   0.000000     0.075131   0.000000   )
 (  0.101848   0.000000    -0.014846   0.000000     0.075131   0.000000   )
 ( -0.146809   0.000000    -0.018399   0.000000    -0.048165   0.000000   )
 ( -0.146809   0.000000     0.018399   0.000000    -0.048165   0.000000   )
 ( -0.358057   0.000000     0.122250   0.000000    -0.006159   0.000000   )
 ( -0.132513   0.000000    -0.096513   0.000000     0.140949   0.000000   )
 ( -0.132513   0.000000     0.096513   0.000000     0.140949   0.000000   )
 ( -0.358057   0.000000    -0.122250   0.000000    -0.006159   0.000000   )
     freq (   16) =      19.586127 [THz] =     653.322890 [cm-1]
 (  0.082117   0.000000    -0.264862   0.000000     0.026426   0.000000   )
 ( -0.271424   0.000000    -0.195381   0.000000    -0.117122   0.000000   )
 ( -0.271424   0.000000     0.195381   0.000000    -0.117122   0.000000   )
 (  0.082117   0.000000     0.264862   0.000000     0.026426   0.000000   )
 ( -0.039643   0.000000    -0.161575   0.000000     0.064004   0.000000   )
 ( -0.039643   0.000000     0.161575   0.000000     0.064004   0.000000   )
 (  0.021469   0.000000    -0.073999   0.000000    -0.076252   0.000000   )
 (  0.021469   0.000000     0.073999   0.000000    -0.076252   0.000000   )
 (  0.069908   0.000000    -0.000000   0.000000     0.041831   0.000000   )
 (  0.069908   0.000000    -0.000000   0.000000     0.041831   0.000000   )
 (  0.021469   0.000000     0.073999   0.000000    -0.076252   0.000000   )
 (  0.021469   0.000000    -0.073999   0.000000    -0.076252   0.000000   )
 ( -0.039643   0.000000     0.161575   0.000000     0.064004   0.000000   )
 ( -0.039643   0.000000    -0.161575   0.000000     0.064004   0.000000   )
 (  0.082117   0.000000    -0.264862   0.000000     0.026426   0.000000   )
 ( -0.271424   0.000000    -0.195381   0.000000    -0.117122   0.000000   )
 ( -0.271424   0.000000     0.195381   0.000000    -0.117122   0.000000   )
 (  0.082117   0.000000     0.264862   0.000000     0.026426   0.000000   )
     freq (   17) =      21.315651 [THz] =     711.013583 [cm-1]
 ( -0.301721   0.000000     0.224683   0.000000     0.013028   0.000000   )
 (  0.077732   0.000000    -0.156704   0.000000     0.251336   0.000000   )
 (  0.077732   0.000000     0.156704   0.000000     0.251336   0.000000   )
 ( -0.301721   0.000000    -0.224683   0.000000     0.013028   0.000000   )
 (  0.001781   0.000000     0.002626   0.000000    -0.066833   0.000000   )
 (  0.001781   0.000000    -0.002626   0.000000    -0.066833   0.000000   )
 (  0.070554   0.000000    -0.027129   0.000000     0.056016   0.000000   )
 (  0.070554   0.000000     0.027129   0.000000     0.056016   0.000000   )
 ( -0.000000   0.000000    -0.049312   0.000000    -0.000000   0.000000   )
 ( -0.000000   0.000000     0.049312   0.000000     0.000000   0.000000   )
 ( -0.070554   0.000000    -0.027129   0.000000    -0.056016   0.000000   )
 ( -0.070554   0.000000     0.027129   0.000000    -0.056016   0.000000   )
 ( -0.001781   0.000000     0.002626   0.000000     0.066833   0.000000   )
 ( -0.001781   0.000000    -0.002626   0.000000     0.066833   0.000000   )
 (  0.301721   0.000000    -0.224683   0.000000    -0.013028   0.000000   )
 ( -0.077732   0.000000     0.156704   0.000000    -0.251336   0.000000   )
 ( -0.077732   0.000000    -0.156704   0.000000    -0.251336   0.000000   )
 (  0.301721   0.000000     0.224683   0.000000    -0.013028   0.000000   )
     freq (   18) =      23.160431 [THz] =     772.548806 [cm-1]
 (  0.008047   0.000000     0.311863   0.000000     0.005698   0.000000   )
 ( -0.051159   0.000000    -0.186786   0.000000     0.149087   0.000000   )
 (  0.051159   0.000000    -0.186786   0.000000    -0.149087   0.000000   )
 ( -0.008047   0.000000     0.311863   0.000000    -0.005698   0.000000   )
 (  0.001556   0.000000    -0.007193   0.000000    -0.072540   0.000000   )
 ( -0.001556   0.000000    -0.007193   0.000000     0.072540   0.000000   )
 ( -0.000290   0.000000    -0.024127   0.000000    -0.172388   0.000000   )
 (  0.000290   0.000000    -0.024127   0.000000     0.172388   0.000000   )
 (  0.011318   0.000000    -0.000000   0.000000     0.338323   0.000000   )
 ( -0.011318   0.000000     0.000000   0.000000    -0.338323   0.000000   )
 ( -0.000290   0.000000     0.024127   0.000000    -0.172388   0.000000   )
 (  0.000290   0.000000     0.024127   0.000000     0.172388   0.000000   )
 (  0.001556   0.000000     0.007193   0.000000    -0.072540   0.000000   )
 ( -0.001556   0.000000     0.007193   0.000000     0.072540   0.000000   )
 ( -0.008047   0.000000    -0.311863   0.000000    -0.005698   0.000000   )
 (  0.051159   0.000000     0.186786   0.000000    -0.149087   0.000000   )
 ( -0.051159   0.000000     0.186786   0.000000     0.149087   0.000000   )
 (  0.008047   0.000000    -0.311863   0.000000     0.005698   0.000000   )
     freq (   19) =      24.359313 [THz] =     812.539225 [cm-1]
 (  0.236905   0.000000    -0.161510   0.000000    -0.037455   0.000000   )
 ( -0.100402   0.000000     0.265612   0.000000    -0.258259   0.000000   )
 ( -0.100402   0.000000    -0.265612   0.000000    -0.258259   0.000000   )
 (  0.236905   0.000000     0.161510   0.000000    -0.037455   0.000000   )
 ( -0.062112   0.000000     0.088829   0.000000     0.049144   0.000000   )
 ( -0.062112   0.000000    -0.088829   0.000000     0.049144   0.000000   )
 (  0.018362   0.000000     0.032879   0.000000    -0.032332   0.000000   )
 (  0.018362   0.000000    -0.032879   0.000000    -0.032332   0.000000   )
 (  0.067865   0.000000    -0.000000   0.000000     0.016092   0.000000   )
 (  0.067865   0.000000    -0.000000   0.000000     0.016092   0.000000   )
 (  0.018362   0.000000    -0.032879   0.000000    -0.032332   0.000000   )
 (  0.018362   0.000000     0.032879   0.000000    -0.032332   0.000000   )
 ( -0.062112   0.000000    -0.088829   0.000000     0.049144   0.000000   )
 ( -0.062112   0.000000     0.088829   0.000000     0.049144   0.000000   )
 (  0.236905   0.000000    -0.161510   0.000000    -0.037455   0.000000   )
 ( -0.100402   0.000000     0.265612   0.000000    -0.258259   0.000000   )
 ( -0.100402   0.000000    -0.265612   0.000000    -0.258259   0.000000   )
 (  0.236905   0.000000     0.161510   0.000000    -0.037455   0.000000   )
     freq (   20) =      24.466314 [THz] =     816.108392 [cm-1]
 (  0.005202   0.000000     0.088803   0.000000    -0.090223   0.000000   )
 ( -0.182772   0.000000     0.216984   0.000000    -0.142639   0.000000   )
 (  0.182772   0.000000     0.216984   0.000000     0.142639   0.000000   )
 ( -0.005202   0.000000     0.088803   0.000000     0.090223   0.000000   )
 ( -0.036041   0.000000     0.257509   0.000000    -0.052686   0.000000   )
 (  0.036041   0.000000     0.257509   0.000000     0.052686   0.000000   )
 (  0.043220   0.000000    -0.145452   0.000000     0.058766   0.000000   )
 ( -0.043220   0.000000    -0.145452   0.000000    -0.058766   0.000000   )
 ( -0.000000   0.000000    -0.269256   0.000000    -0.000000   0.000000   )
 ( -0.000000   0.000000    -0.269256   0.000000    -0.000000   0.000000   )
 ( -0.043220   0.000000    -0.145452   0.000000    -0.058766   0.000000   )
 (  0.043220   0.000000    -0.145452   0.000000     0.058766   0.000000   )
 (  0.036041   0.000000     0.257509   0.000000     0.052686   0.000000   )
 ( -0.036041   0.000000     0.257509   0.000000    -0.052686   0.000000   )
 (  0.005202   0.000000     0.088803   0.000000    -0.090223   0.000000   )
 ( -0.182772   0.000000     0.216984   0.000000    -0.142639   0.000000   )
 (  0.182772   0.000000     0.216984   0.000000     0.142639   0.000000   )
 ( -0.005202   0.000000     0.088803   0.000000     0.090223   0.000000   )
     freq (   21) =      27.478206 [THz] =     916.574294 [cm-1]
 ( -0.066471   0.000000     0.168629   0.000000     0.027542   0.000000   )
 (  0.331506   0.000000    -0.034981   0.000000     0.187128   0.000000   )
 (  0.331506   0.000000     0.034981   0.000000     0.187128   0.000000   )
 ( -0.066471   0.000000    -0.168629   0.000000     0.027542   0.000000   )
 (  0.102509   0.000000    -0.037380   0.000000    -0.038884   0.000000   )
 (  0.102509   0.000000     0.037380   0.000000    -0.038884   0.000000   )
 ( -0.231933   0.000000    -0.046750   0.000000     0.025677   0.000000   )
 ( -0.231933   0.000000     0.046750   0.000000     0.025677   0.000000   )
 (  0.000000   0.000000     0.019782   0.000000     0.000000   0.000000   )
 (  0.000000   0.000000    -0.019782   0.000000    -0.000000   0.000000   )
 (  0.231933   0.000000    -0.046750   0.000000    -0.025677   0.000000   )
 (  0.231933   0.000000     0.046750   0.000000    -0.025677   0.000000   )
 ( -0.102509   0.000000    -0.037380   0.000000     0.038884   0.000000   )
 ( -0.102509   0.000000     0.037380   0.000000     0.038884   0.000000   )
 (  0.066471   0.000000    -0.168629   0.000000    -0.027542   0.000000   )
 ( -0.331506   0.000000     0.034981   0.000000    -0.187128   0.000000   )
 ( -0.331506   0.000000    -0.034981   0.000000    -0.187128   0.000000   )
 (  0.066471   0.000000     0.168629   0.000000    -0.027542   0.000000   )
     freq (   22) =      29.990743 [THz] =    1000.383510 [cm-1]
 (  0.121706   0.000000    -0.327101   0.000000     0.042220   0.000000   )
 (  0.071833   0.000000     0.240042   0.000000    -0.176819   0.000000   )
 ( -0.071833   0.000000     0.240042   0.000000     0.176819   0.000000   )
 ( -0.121706   0.000000    -0.327101   0.000000    -0.042220   0.000000   )
 (  0.016444   0.000000    -0.002067   0.000000     0.136707   0.000000   )
 ( -0.016444   0.000000    -0.002067   0.000000    -0.136707   0.000000   )
 ( -0.017497   0.000000     0.035371   0.000000    -0.099207   0.000000   )
 (  0.017497   0.000000     0.035371   0.000000     0.099207   0.000000   )
 ( -0.037859   0.000000     0.000000   0.000000     0.050708   0.000000   )
 (  0.037859   0.000000    -0.000000   0.000000    -0.050708   0.000000   )
 ( -0.017497   0.000000    -0.035371   0.000000    -0.099207   0.000000   )
 (  0.017497   0.000000    -0.035371   0.000000     0.099207   0.000000   )
 (  0.016444   0.000000     0.002067   0.000000     0.136707   0.000000   )
 ( -0.016444   0.000000     0.002067   0.000000    -0.136707   0.000000   )
 ( -0.121706   0.000000     0.327101   0.000000    -0.042220   0.000000   )
 ( -0.071833   0.000000    -0.240042   0.000000     0.176819   0.000000   )
 (  0.071833   0.000000    -0.240042   0.000000    -0.176819   0.000000   )
 (  0.121706   0.000000     0.327101   0.000000     0.042220   0.000000   )
     freq (   23) =      30.025461 [THz] =    1001.541561 [cm-1]
 (  0.082586   0.000000    -0.339125   0.000000     0.021115   0.000000   )
 (  0.015881   0.000000     0.251681   0.000000    -0.201947   0.000000   )
 ( -0.015881   0.000000     0.251681   0.000000     0.201947   0.000000   )
 ( -0.082586   0.000000    -0.339125   0.000000    -0.021115   0.000000   )
 ( -0.017862   0.000000     0.019478   0.000000     0.122234   0.000000   )
 (  0.017862   0.000000     0.019478   0.000000    -0.122234   0.000000   )
 ( -0.020197   0.000000    -0.005920   0.000000    -0.084796   0.000000   )
 (  0.020197   0.000000    -0.005920   0.000000     0.084796   0.000000   )
 ( -0.000000   0.000000    -0.012405   0.000000     0.000000   0.000000   )
 (  0.000000   0.000000    -0.012405   0.000000     0.000000   0.000000   )
 (  0.020197   0.000000    -0.005920   0.000000     0.084796   0.000000   )
 ( -0.020197   0.000000    -0.005920   0.000000    -0.084796   0.000000   )
 (  0.017862   0.000000     0.019478   0.000000    -0.122234   0.000000   )
 ( -0.017862   0.000000     0.019478   0.000000     0.122234   0.000000   )
 (  0.082586   0.000000    -0.339125   0.000000     0.021115   0.000000   )
 (  0.015881   0.000000     0.251681   0.000000    -0.201947   0.000000   )
 ( -0.015881   0.000000     0.251681   0.000000     0.201947   0.000000   )
 ( -0.082586   0.000000    -0.339125   0.000000    -0.021115   0.000000   )
     freq (   24) =      30.312702 [THz] =    1011.122892 [cm-1]
 (  0.123483   0.000000     0.221670   0.000000     0.076873   0.000000   )
 (  0.231016   0.000000    -0.145032   0.000000     0.189783   0.000000   )
 ( -0.231016   0.000000    -0.145032   0.000000    -0.189783   0.000000   )
 ( -0.123483   0.000000     0.221670   0.000000    -0.076873   0.000000   )
 (  0.143999   0.000000    -0.088201   0.000000    -0.000631   0.000000   )
 ( -0.143999   0.000000    -0.088201   0.000000     0.000631   0.000000   )
 ( -0.005889   0.000000     0.170405   0.000000     0.023075   0.000000   )
 (  0.005889   0.000000     0.170405   0.000000    -0.023075   0.000000   )
 ( -0.149143   0.000000    -0.000000   0.000000    -0.009164   0.000000   )
 (  0.149143   0.000000     0.000000   0.000000     0.009164   0.000000   )
 ( -0.005889   0.000000    -0.170405   0.000000     0.023075   0.000000   )
 (  0.005889   0.000000    -0.170405   0.000000    -0.023075   0.000000   )
 (  0.143999   0.000000     0.088201   0.000000    -0.000631   0.000000   )
 ( -0.143999   0.000000     0.088201   0.000000     0.000631   0.000000   )
 ( -0.123483   0.000000    -0.221670   0.000000    -0.076873   0.000000   )
 ( -0.231016   0.000000     0.145032   0.000000    -0.189783   0.000000   )
 (  0.231016   0.000000     0.145032   0.000000     0.189783   0.000000   )
 (  0.123483   0.000000    -0.221670   0.000000     0.076873   0.000000   )
     freq (   25) =      30.618973 [THz] =    1021.338989 [cm-1]
 (  0.186471   0.000000     0.051880   0.000000    -0.040543   0.000000   )
 (  0.133839   0.000000     0.331254   0.000000    -0.096100   0.000000   )
 (  0.133839   0.000000    -0.331254   0.000000    -0.096100   0.000000   )
 (  0.186471   0.000000    -0.051880   0.000000    -0.040543   0.000000   )
 ( -0.030459   0.000000     0.161205   0.000000     0.000043   0.000000   )
 ( -0.030459   0.000000    -0.161205   0.000000     0.000043   0.000000   )
 ( -0.013493   0.000000    -0.152821   0.000000     0.006965   0.000000   )
 ( -0.013493   0.000000     0.152821   0.000000     0.006965   0.000000   )
 (  0.000000   0.000000    -0.216868   0.000000     0.000000   0.000000   )
 ( -0.000000   0.000000     0.216868   0.000000    -0.000000   0.000000   )
 (  0.013493   0.000000    -0.152821   0.000000    -0.006965   0.000000   )
 (  0.013493   0.000000     0.152821   0.000000    -0.006965   0.000000   )
 (  0.030459   0.000000     0.161205   0.000000    -0.000043   0.000000   )
 (  0.030459   0.000000    -0.161205   0.000000    -0.000043   0.000000   )
 ( -0.186471   0.000000    -0.051880   0.000000     0.040543   0.000000   )
 ( -0.133839   0.000000    -0.331254   0.000000     0.096100   0.000000   )
 ( -0.133839   0.000000     0.331254   0.000000     0.096100   0.000000   )
 ( -0.186471   0.000000     0.051880   0.000000     0.040543   0.000000   )
     freq (   26) =      32.762110 [THz] =    1092.826361 [cm-1]
 (  0.324604   0.000000     0.165809   0.000000     0.090429   0.000000   )
 (  0.222468   0.000000     0.014111   0.000000     0.089519   0.000000   )
 ( -0.222468   0.000000     0.014111   0.000000    -0.089519   0.000000   )
 ( -0.324604   0.000000     0.165809   0.000000    -0.090429   0.000000   )
 (  0.206136   0.000000     0.012413   0.000000     0.059800   0.000000   )
 ( -0.206136   0.000000     0.012413   0.000000    -0.059800   0.000000   )
 (  0.035392   0.000000     0.015025   0.000000     0.004200   0.000000   )
 ( -0.035392   0.000000     0.015025   0.000000    -0.004200   0.000000   )
 ( -0.000000   0.000000    -0.084132   0.000000     0.000000   0.000000   )
 ( -0.000000   0.000000    -0.084132   0.000000     0.000000   0.000000   )
 ( -0.035392   0.000000     0.015025   0.000000    -0.004200   0.000000   )
 (  0.035392   0.000000     0.015025   0.000000     0.004200   0.000000   )
 ( -0.206136   0.000000     0.012413   0.000000    -0.059800   0.000000   )
 (  0.206136   0.000000     0.012413   0.000000     0.059800   0.000000   )
 (  0.324604   0.000000     0.165809   0.000000     0.090429   0.000000   )
 (  0.222468   0.000000     0.014111   0.000000     0.089519   0.000000   )
 ( -0.222468   0.000000     0.014111   0.000000    -0.089519   0.000000   )
 ( -0.324604   0.000000     0.165809   0.000000    -0.090429   0.000000   )
     freq (   27) =      33.732344 [THz] =    1125.189878 [cm-1]
 (  0.136762   0.000000     0.079251   0.000000    -0.000469   0.000000   )
 ( -0.365402   0.000000    -0.216220   0.000000    -0.034380   0.000000   )
 ( -0.365402   0.000000     0.216220   0.000000    -0.034380   0.000000   )
 (  0.136762   0.000000    -0.079251   0.000000    -0.000469   0.000000   )
 ( -0.014568   0.000000    -0.004131   0.000000    -0.008030   0.000000   )
 ( -0.014568   0.000000     0.004131   0.000000    -0.008030   0.000000   )
 (  0.125504   0.000000     0.103791   0.000000     0.010034   0.000000   )
 (  0.125504   0.000000    -0.103791   0.000000     0.010034   0.000000   )
 ( -0.182456   0.000000     0.000000   0.000000     0.000569   0.000000   )
 ( -0.182456   0.000000     0.000000   0.000000     0.000569   0.000000   )
 (  0.125504   0.000000    -0.103791   0.000000     0.010034   0.000000   )
 (  0.125504   0.000000     0.103791   0.000000     0.010034   0.000000   )
 ( -0.014568   0.000000     0.004131   0.000000    -0.008030   0.000000   )
 ( -0.014568   0.000000    -0.004131   0.000000    -0.008030   0.000000   )
 (  0.136762   0.000000     0.079251   0.000000    -0.000469   0.000000   )
 ( -0.365402   0.000000    -0.216220   0.000000    -0.034380   0.000000   )
 ( -0.365402   0.000000     0.216220   0.000000    -0.034380   0.000000   )
 (  0.136762   0.000000    -0.079251   0.000000    -0.000469   0.000000   )
     freq (   28) =      34.192535 [THz] =    1140.540209 [cm-1]
 (  0.359925   0.000000     0.153919   0.000000     0.070798   0.000000   )
 (  0.118070   0.000000     0.009864   0.000000     0.058488   0.000000   )
 ( -0.118070   0.000000     0.009864   0.000000    -0.058488   0.000000   )
 ( -0.359925   0.000000     0.153919   0.000000    -0.070798   0.000000   )
 (  0.187454   0.000000     0.051942   0.000000     0.054942   0.000000   )
 ( -0.187454   0.000000     0.051942   0.000000    -0.054942   0.000000   )
 (  0.066661   0.000000    -0.112171   0.000000     0.014898   0.000000   )
 ( -0.066661   0.000000    -0.112171   0.000000    -0.014898   0.000000   )
 (  0.179732   0.000000     0.000000   0.000000    -0.008535   0.000000   )
 ( -0.179732   0.000000    -0.000000   0.000000     0.008535   0.000000   )
 (  0.066661   0.000000     0.112171   0.000000     0.014898   0.000000   )
 ( -0.066661   0.000000     0.112171   0.000000    -0.014898   0.000000   )
 (  0.187454   0.000000    -0.051942   0.000000     0.054942   0.000000   )
 ( -0.187454   0.000000    -0.051942   0.000000    -0.054942   0.000000   )
 ( -0.359925   0.000000    -0.153919   0.000000    -0.070798   0.000000   )
 ( -0.118070   0.000000    -0.009864   0.000000    -0.058488   0.000000   )
 (  0.118070   0.000000    -0.009864   0.000000     0.058488   0.000000   )
 (  0.359925   0.000000    -0.153919   0.000000     0.070798   0.000000   )
     freq (   29) =      34.824442 [THz] =    1161.618360 [cm-1]
 ( -0.383466   0.000000    -0.283136   0.000000    -0.012303   0.000000   )
 (  0.097155   0.000000     0.088682   0.000000    -0.014292   0.000000   )
 (  0.097155   0.000000    -0.088682   0.000000    -0.014292   0.000000   )
 ( -0.383466   0.000000     0.283136   0.000000    -0.012303   0.000000   )
 (  0.012438   0.000000     0.005304   0.000000     0.030161   0.000000   )
 (  0.012438   0.000000    -0.005304   0.000000     0.030161   0.000000   )
 (  0.034474   0.000000     0.030105   0.000000    -0.030154   0.000000   )
 (  0.034474   0.000000    -0.030105   0.000000    -0.030154   0.000000   )
 ( -0.045223   0.000000     0.000000   0.000000     0.004392   0.000000   )
 ( -0.045223   0.000000     0.000000   0.000000     0.004392   0.000000   )
 (  0.034474   0.000000    -0.030105   0.000000    -0.030154   0.000000   )
 (  0.034474   0.000000     0.030105   0.000000    -0.030154   0.000000   )
 (  0.012438   0.000000    -0.005304   0.000000     0.030161   0.000000   )
 (  0.012438   0.000000     0.005304   0.000000     0.030161   0.000000   )
 ( -0.383466   0.000000    -0.283136   0.000000    -0.012303   0.000000   )
 (  0.097155   0.000000     0.088682   0.000000    -0.014292   0.000000   )
 (  0.097155   0.000000    -0.088682   0.000000    -0.014292   0.000000   )
 ( -0.383466   0.000000     0.283136   0.000000    -0.012303   0.000000   )
     freq (   30) =      34.951300 [THz] =    1165.849860 [cm-1]
 ( -0.355472   0.000000    -0.266897   0.000000    -0.010069   0.000000   )
 (  0.177126   0.000000     0.136938   0.000000    -0.006393   0.000000   )
 (  0.177126   0.000000    -0.136938   0.000000    -0.006393   0.000000   )
 ( -0.355472   0.000000     0.266897   0.000000    -0.010069   0.000000   )
 (  0.009574   0.000000     0.004555   0.000000     0.029691   0.000000   )
 (  0.009574   0.000000    -0.004555   0.000000     0.029691   0.000000   )
 (  0.006887   0.000000    -0.003994   0.000000    -0.032864   0.000000   )
 (  0.006887   0.000000     0.003994   0.000000    -0.032864   0.000000   )
 (  0.000000   0.000000    -0.001017   0.000000    -0.000000   0.000000   )
 (  0.000000   0.000000     0.001017   0.000000    -0.000000   0.000000   )
 ( -0.006887   0.000000    -0.003994   0.000000     0.032864   0.000000   )
 ( -0.006887   0.000000     0.003994   0.000000     0.032864   0.000000   )
 ( -0.009574   0.000000     0.004555   0.000000    -0.029691   0.000000   )
 ( -0.009574   0.000000    -0.004555   0.000000    -0.029691   0.000000   )
 (  0.355472   0.000000     0.266897   0.000000     0.010069   0.000000   )
 ( -0.177126   0.000000    -0.136938   0.000000     0.006393   0.000000   )
 ( -0.177126   0.000000     0.136938   0.000000     0.006393   0.000000   )
 (  0.355472   0.000000    -0.266897   0.000000     0.010069   0.000000   )
     freq (   31) =      36.448294 [THz] =    1215.784208 [cm-1]
 ( -0.004402   0.000000     0.154289   0.000000     0.013758   0.000000   )
 (  0.386145   0.000000     0.235376   0.000000     0.021234   0.000000   )
 ( -0.386145   0.000000     0.235376   0.000000    -0.021234   0.000000   )
 (  0.004402   0.000000     0.154289   0.000000    -0.013758   0.000000   )
 ( -0.041345   0.000000    -0.020447   0.000000    -0.026766   0.000000   )
 (  0.041345   0.000000    -0.020447   0.000000     0.026766   0.000000   )
 ( -0.111460   0.000000     0.034840   0.000000     0.005095   0.000000   )
 (  0.111460   0.000000     0.034840   0.000000    -0.005095   0.000000   )
 ( -0.000000   0.000000    -0.095059   0.000000     0.000000   0.000000   )
 (  0.000000   0.000000    -0.095059   0.000000    -0.000000   0.000000   )
 (  0.111460   0.000000     0.034840   0.000000    -0.005095   0.000000   )
 ( -0.111460   0.000000     0.034840   0.000000     0.005095   0.000000   )
 (  0.041345   0.000000    -0.020447   0.000000     0.026766   0.000000   )
 ( -0.041345   0.000000    -0.020447   0.000000    -0.026766   0.000000   )
 ( -0.004402   0.000000     0.154289   0.000000     0.013758   0.000000   )
 (  0.386145   0.000000     0.235376   0.000000     0.021234   0.000000   )
 ( -0.386145   0.000000     0.235376   0.000000    -0.021234   0.000000   )
 (  0.004402   0.000000     0.154289   0.000000    -0.013758   0.000000   )
     freq (   32) =      37.577707 [THz] =    1253.457368 [cm-1]
 ( -0.094522   0.000000     0.098950   0.000000     0.007705   0.000000   )
 (  0.405717   0.000000     0.253464   0.000000     0.005782   0.000000   )
 ( -0.405717   0.000000     0.253464   0.000000    -0.005782   0.000000   )
 (  0.094522   0.000000     0.098950   0.000000    -0.007705   0.000000   )
 ( -0.019509   0.000000    -0.014303   0.000000    -0.024011   0.000000   )
 (  0.019509   0.000000    -0.014303   0.000000     0.024011   0.000000   )
 ( -0.019238   0.000000    -0.008539   0.000000    -0.004219   0.000000   )
 (  0.019238   0.000000    -0.008539   0.000000     0.004219   0.000000   )
 (  0.037650   0.000000    -0.000000   0.000000     0.000867   0.000000   )
 ( -0.037650   0.000000    -0.000000   0.000000    -0.000867   0.000000   )
 ( -0.019238   0.000000     0.008539   0.000000    -0.004219   0.000000   )
 (  0.019238   0.000000     0.008539   0.000000     0.004219   0.000000   )
 ( -0.019509   0.000000     0.014303   0.000000    -0.024011   0.000000   )
 (  0.019509   0.000000     0.014303   0.000000     0.024011   0.000000   )
 (  0.094522   0.000000    -0.098950   0.000000    -0.007705   0.000000   )
 ( -0.405717   0.000000    -0.253464   0.000000    -0.005782   0.000000   )
 (  0.405717   0.000000    -0.253464   0.000000     0.005782   0.000000   )
 ( -0.094522   0.000000    -0.098950   0.000000     0.007705   0.000000   )
     freq (   33) =      38.546068 [THz] =    1285.758429 [cm-1]
 (  0.425524   0.000000     0.125647   0.000000     0.023596   0.000000   )
 ( -0.194018   0.000000    -0.097567   0.000000     0.008552   0.000000   )
 (  0.194018   0.000000    -0.097567   0.000000    -0.008552   0.000000   )
 ( -0.425524   0.000000     0.125647   0.000000    -0.023596   0.000000   )
 ( -0.051907   0.000000    -0.007785   0.000000     0.026069   0.000000   )
 (  0.051907   0.000000    -0.007785   0.000000    -0.026069   0.000000   )
 ( -0.036871   0.000000     0.010641   0.000000     0.019599   0.000000   )
 (  0.036871   0.000000     0.010641   0.000000    -0.019599   0.000000   )
 ( -0.000000   0.000000    -0.010820   0.000000    -0.000000   0.000000   )
 (  0.000000   0.000000    -0.010820   0.000000     0.000000   0.000000   )
 (  0.036871   0.000000     0.010641   0.000000    -0.019599   0.000000   )
 ( -0.036871   0.000000     0.010641   0.000000     0.019599   0.000000   )
 (  0.051907   0.000000    -0.007785   0.000000    -0.026069   0.000000   )
 ( -0.051907   0.000000    -0.007785   0.000000     0.026069   0.000000   )
 (  0.425524   0.000000     0.125647   0.000000     0.023596   0.000000   )
 ( -0.194018   0.000000    -0.097567   0.000000     0.008552   0.000000   )
 (  0.194018   0.000000    -0.097567   0.000000    -0.008552   0.000000   )
 ( -0.425524   0.000000     0.125647   0.000000    -0.023596   0.000000   )
     freq (   34) =      38.768305 [THz] =    1293.171458 [cm-1]
 (  0.443129   0.000000     0.201591   0.000000     0.031429   0.000000   )
 (  0.006089   0.000000     0.041071   0.000000     0.008737   0.000000   )
 ( -0.006089   0.000000     0.041071   0.000000    -0.008737   0.000000   )
 ( -0.443129   0.000000     0.201591   0.000000    -0.031429   0.000000   )
 ( -0.062616   0.000000    -0.004639   0.000000     0.017292   0.000000   )
 (  0.062616   0.000000    -0.004639   0.000000    -0.017292   0.000000   )
 ( -0.048241   0.000000    -0.031699   0.000000     0.021002   0.000000   )
 (  0.048241   0.000000    -0.031699   0.000000    -0.021002   0.000000   )
 ( -0.066194   0.000000     0.000000   0.000000    -0.002925   0.000000   )
 (  0.066194   0.000000     0.000000   0.000000     0.002925   0.000000   )
 ( -0.048241   0.000000     0.031699   0.000000     0.021002   0.000000   )
 (  0.048241   0.000000     0.031699   0.000000    -0.021002   0.000000   )
 ( -0.062616   0.000000     0.004639   0.000000     0.017292   0.000000   )
 (  0.062616   0.000000     0.004639   0.000000    -0.017292   0.000000   )
 ( -0.443129   0.000000    -0.201591   0.000000    -0.031429   0.000000   )
 ( -0.006089   0.000000    -0.041071   0.000000    -0.008737   0.000000   )
 (  0.006089   0.000000    -0.041071   0.000000     0.008737   0.000000   )
 (  0.443129   0.000000    -0.201591   0.000000     0.031429   0.000000   )
     freq (   35) =      39.311211 [THz] =    1311.280850 [cm-1]
 ( -0.325615   0.000000    -0.115823   0.000000    -0.023564   0.000000   )
 (  0.071764   0.000000     0.015407   0.000000     0.031038   0.000000   )
 ( -0.071764   0.000000     0.015407   0.000000    -0.031038   0.000000   )
 (  0.325615   0.000000    -0.115823   0.000000     0.023564   0.000000   )
 (  0.129276   0.000000     0.085352   0.000000    -0.024484   0.000000   )
 ( -0.129276   0.000000     0.085352   0.000000     0.024484   0.000000   )
 ( -0.150151   0.000000    -0.178523   0.000000     0.007224   0.000000   )
 (  0.150151   0.000000    -0.178523   0.000000    -0.007224   0.000000   )
 ( -0.298602   0.000000    -0.000000   0.000000     0.003810   0.000000   )
 (  0.298602   0.000000    -0.000000   0.000000    -0.003810   0.000000   )
 ( -0.150151   0.000000     0.178523   0.000000     0.007224   0.000000   )
 (  0.150151   0.000000     0.178523   0.000000    -0.007224   0.000000   )
 (  0.129276   0.000000    -0.085352   0.000000    -0.024484   0.000000   )
 ( -0.129276   0.000000    -0.085352   0.000000     0.024484   0.000000   )
 (  0.325615   0.000000     0.115823   0.000000     0.023564   0.000000   )
 ( -0.071764   0.000000    -0.015407   0.000000    -0.031038   0.000000   )
 (  0.071764   0.000000    -0.015407   0.000000     0.031038   0.000000   )
 ( -0.325615   0.000000     0.115823   0.000000    -0.023564   0.000000   )
     freq (   36) =      39.565370 [THz] =    1319.758698 [cm-1]
 (  0.148947   0.000000     0.137113   0.000000     0.035123   0.000000   )
 (  0.388087   0.000000     0.213041   0.000000     0.011566   0.000000   )
 (  0.388087   0.000000    -0.213041   0.000000     0.011566   0.000000   )
 (  0.148947   0.000000    -0.137113   0.000000     0.035123   0.000000   )
 ( -0.066332   0.000000    -0.078610   0.000000     0.000583   0.000000   )
 ( -0.066332   0.000000     0.078610   0.000000     0.000583   0.000000   )
 (  0.030245   0.000000     0.011576   0.000000    -0.004496   0.000000   )
 (  0.030245   0.000000    -0.011576   0.000000    -0.004496   0.000000   )
 (  0.000000   0.000000     0.001247   0.000000    -0.000000   0.000000   )
 (  0.000000   0.000000    -0.001247   0.000000    -0.000000   0.000000   )
 ( -0.030245   0.000000     0.011576   0.000000     0.004496   0.000000   )
 ( -0.030245   0.000000    -0.011576   0.000000     0.004496   0.000000   )
 (  0.066332   0.000000    -0.078610   0.000000    -0.000583   0.000000   )
 (  0.066332   0.000000     0.078610   0.000000    -0.000583   0.000000   )
 ( -0.148947   0.000000    -0.137113   0.000000    -0.035123   0.000000   )
 ( -0.388087   0.000000    -0.213041   0.000000    -0.011566   0.000000   )
 ( -0.388087   0.000000     0.213041   0.000000    -0.011566   0.000000   )
 ( -0.148947   0.000000     0.137113   0.000000    -0.035123   0.000000   )
     freq (   37) =      39.592783 [THz] =    1320.673074 [cm-1]
 (  0.199244   0.000000     0.178406   0.000000     0.022189   0.000000   )
 (  0.299381   0.000000     0.219839   0.000000     0.002391   0.000000   )
 ( -0.299381   0.000000     0.219839   0.000000    -0.002391   0.000000   )
 ( -0.199244   0.000000     0.178406   0.000000    -0.022189   0.000000   )
 ( -0.022350   0.000000     0.009929   0.000000    -0.002655   0.000000   )
 (  0.022350   0.000000     0.009929   0.000000     0.002655   0.000000   )
 (  0.026984   0.000000    -0.140334   0.000000     0.008158   0.000000   )
 ( -0.026984   0.000000    -0.140334   0.000000    -0.008158   0.000000   )
 (  0.000000   0.000000     0.194542   0.000000     0.000000   0.000000   )
 (  0.000000   0.000000     0.194542   0.000000    -0.000000   0.000000   )
 ( -0.026984   0.000000    -0.140334   0.000000    -0.008158   0.000000   )
 (  0.026984   0.000000    -0.140334   0.000000     0.008158   0.000000   )
 (  0.022350   0.000000     0.009929   0.000000     0.002655   0.000000   )
 ( -0.022350   0.000000     0.009929   0.000000    -0.002655   0.000000   )
 (  0.199244   0.000000     0.178406   0.000000     0.022189   0.000000   )
 (  0.299381   0.000000     0.219839   0.000000     0.002391   0.000000   )
 ( -0.299381   0.000000     0.219839   0.000000    -0.002391   0.000000   )
 ( -0.199244   0.000000     0.178406   0.000000    -0.022189   0.000000   )
     freq (   38) =      39.764499 [THz] =    1326.400920 [cm-1]
 (  0.115328   0.000000     0.143987   0.000000     0.044535   0.000000   )
 (  0.387113   0.000000     0.213311   0.000000    -0.008821   0.000000   )
 (  0.387113   0.000000    -0.213311   0.000000    -0.008821   0.000000   )
 (  0.115328   0.000000    -0.143987   0.000000     0.044535   0.000000   )
 ( -0.066595   0.000000    -0.095320   0.000000     0.004342   0.000000   )
 ( -0.066595   0.000000     0.095320   0.000000     0.004342   0.000000   )
 (  0.033976   0.000000     0.060246   0.000000    -0.007589   0.000000   )
 (  0.033976   0.000000    -0.060246   0.000000    -0.007589   0.000000   )
 ( -0.018259   0.000000     0.000000   0.000000     0.000182   0.000000   )
 ( -0.018259   0.000000     0.000000   0.000000     0.000182   0.000000   )
 (  0.033976   0.000000    -0.060246   0.000000    -0.007589   0.000000   )
 (  0.033976   0.000000     0.060246   0.000000    -0.007589   0.000000   )
 ( -0.066595   0.000000     0.095320   0.000000     0.004342   0.000000   )
 ( -0.066595   0.000000    -0.095320   0.000000     0.004342   0.000000   )
 (  0.115328   0.000000     0.143987   0.000000     0.044535   0.000000   )
 (  0.387113   0.000000     0.213311   0.000000    -0.008821   0.000000   )
 (  0.387113   0.000000    -0.213311   0.000000    -0.008821   0.000000   )
 (  0.115328   0.000000    -0.143987   0.000000     0.044535   0.000000   )
     freq (   39) =      40.884593 [THz] =    1363.763215 [cm-1]
 (  0.133501   0.000000     0.172325   0.000000     0.030367   0.000000   )
 (  0.222817   0.000000     0.220885   0.000000    -0.087450   0.000000   )
 ( -0.222817   0.000000     0.220885   0.000000     0.087450   0.000000   )
 ( -0.133501   0.000000     0.172325   0.000000    -0.030367   0.000000   )
 ( -0.117244   0.000000    -0.069693   0.000000     0.005731   0.000000   )
 (  0.117244   0.000000    -0.069693   0.000000    -0.005731   0.000000   )
 (  0.250567   0.000000     0.090869   0.000000    -0.011583   0.000000   )
 ( -0.250567   0.000000     0.090869   0.000000     0.011583   0.000000   )
 ( -0.000000   0.000000    -0.106422   0.000000     0.000000   0.000000   )
 ( -0.000000   0.000000    -0.106422   0.000000     0.000000   0.000000   )
 ( -0.250567   0.000000     0.090869   0.000000     0.011583   0.000000   )
 (  0.250567   0.000000     0.090869   0.000000    -0.011583   0.000000   )
 (  0.117244   0.000000    -0.069693   0.000000    -0.005731   0.000000   )
 ( -0.117244   0.000000    -0.069693   0.000000     0.005731   0.000000   )
 (  0.133501   0.000000     0.172325   0.000000     0.030367   0.000000   )
 (  0.222817   0.000000     0.220885   0.000000    -0.087450   0.000000   )
 ( -0.222817   0.000000     0.220885   0.000000     0.087450   0.000000   )
 ( -0.133501   0.000000     0.172325   0.000000    -0.030367   0.000000   )
     freq (   40) =      41.294787 [THz] =    1377.445840 [cm-1]
 ( -0.215721   0.000000     0.199614   0.000000     0.078862   0.000000   )
 ( -0.217082   0.000000    -0.041797   0.000000    -0.242948   0.000000   )
 ( -0.217082   0.000000     0.041797   0.000000    -0.242948   0.000000   )
 ( -0.215721   0.000000    -0.199614   0.000000     0.078862   0.000000   )
 (  0.055061   0.000000    -0.051597   0.000000     0.014064   0.000000   )
 (  0.055061   0.000000     0.051597   0.000000     0.014064   0.000000   )
 ( -0.086150   0.000000     0.163858   0.000000     0.001044   0.000000   )
 ( -0.086150   0.000000    -0.163858   0.000000     0.001044   0.000000   )
 (  0.136659   0.000000    -0.000000   0.000000    -0.002182   0.000000   )
 (  0.136659   0.000000    -0.000000   0.000000    -0.002182   0.000000   )
 ( -0.086150   0.000000    -0.163858   0.000000     0.001044   0.000000   )
 ( -0.086150   0.000000     0.163858   0.000000     0.001044   0.000000   )
 (  0.055061   0.000000     0.051597   0.000000     0.014064   0.000000   )
 (  0.055061   0.000000    -0.051597   0.000000     0.014064   0.000000   )
 ( -0.215721   0.000000     0.199614   0.000000     0.078862   0.000000   )
 ( -0.217082   0.000000    -0.041797   0.000000    -0.242948   0.000000   )
 ( -0.217082   0.000000     0.041797   0.000000    -0.242948   0.000000   )
 ( -0.215721   0.000000    -0.199614   0.000000     0.078862   0.000000   )
     freq (   41) =      42.176828 [THz] =    1406.867555 [cm-1]
 ( -0.186321   0.000000     0.277732   0.000000     0.089894   0.000000   )
 ( -0.102144   0.000000     0.132687   0.000000    -0.316711   0.000000   )
 ( -0.102144   0.000000    -0.132687   0.000000    -0.316711   0.000000   )
 ( -0.186321   0.000000    -0.277732   0.000000     0.089894   0.000000   )
 (  0.024884   0.000000    -0.023129   0.000000     0.017538   0.000000   )
 (  0.024884   0.000000     0.023129   0.000000     0.017538   0.000000   )
 ( -0.003140   0.000000     0.005868   0.000000     0.001738   0.000000   )
 ( -0.003140   0.000000    -0.005868   0.000000     0.001738   0.000000   )
 ( -0.000000   0.000000    -0.020704   0.000000    -0.000000   0.000000   )
 ( -0.000000   0.000000     0.020704   0.000000     0.000000   0.000000   )
 (  0.003140   0.000000     0.005868   0.000000    -0.001738   0.000000   )
 (  0.003140   0.000000    -0.005868   0.000000    -0.001738   0.000000   )
 ( -0.024884   0.000000    -0.023129   0.000000    -0.017538   0.000000   )
 ( -0.024884   0.000000     0.023129   0.000000    -0.017538   0.000000   )
 (  0.186321   0.000000    -0.277732   0.000000    -0.089894   0.000000   )
 (  0.102144   0.000000    -0.132687   0.000000     0.316711   0.000000   )
 (  0.102144   0.000000     0.132687   0.000000     0.316711   0.000000   )
 (  0.186321   0.000000     0.277732   0.000000    -0.089894   0.000000   )
     freq (   42) =      42.586307 [THz] =    1420.526284 [cm-1]
 ( -0.159788   0.000000     0.277358   0.000000     0.084123   0.000000   )
 ( -0.069889   0.000000     0.172730   0.000000    -0.314372   0.000000   )
 ( -0.069889   0.000000    -0.172730   0.000000    -0.314372   0.000000   )
 ( -0.159788   0.000000    -0.277358   0.000000     0.084123   0.000000   )
 (  0.015042   0.000000    -0.006028   0.000000     0.016392   0.000000   )
 (  0.015042   0.000000     0.006028   0.000000     0.016392   0.000000   )
 (  0.026494   0.000000    -0.068187   0.000000     0.002972   0.000000   )
 (  0.026494   0.000000     0.068187   0.000000     0.002972   0.000000   )
 ( -0.045215   0.000000     0.000000   0.000000    -0.000230   0.000000   )
 ( -0.045215   0.000000    -0.000000   0.000000    -0.000230   0.000000   )
 (  0.026494   0.000000     0.068187   0.000000     0.002972   0.000000   )
 (  0.026494   0.000000    -0.068187   0.000000     0.002972   0.000000   )
 (  0.015042   0.000000     0.006028   0.000000     0.016392   0.000000   )
 (  0.015042   0.000000    -0.006028   0.000000     0.016392   0.000000   )
 ( -0.159788   0.000000     0.277358   0.000000     0.084123   0.000000   )
 ( -0.069889   0.000000     0.172730   0.000000    -0.314372   0.000000   )
 ( -0.069889   0.000000    -0.172730   0.000000    -0.314372   0.000000   )
 ( -0.159788   0.000000    -0.277358   0.000000     0.084123   0.000000   )
     freq (   43) =      43.108474 [THz] =    1437.943914 [cm-1]
 (  0.135406   0.000000    -0.279468   0.000000    -0.092437   0.000000   )
 (  0.158904   0.000000    -0.096112   0.000000     0.329593   0.000000   )
 ( -0.158904   0.000000    -0.096112   0.000000    -0.329593   0.000000   )
 ( -0.135406   0.000000    -0.279468   0.000000     0.092437   0.000000   )
 ( -0.020627   0.000000     0.029067   0.000000    -0.020535   0.000000   )
 (  0.020627   0.000000     0.029067   0.000000     0.020535   0.000000   )
 (  0.011514   0.000000     0.005196   0.000000    -0.005669   0.000000   )
 ( -0.011514   0.000000     0.005196   0.000000     0.005669   0.000000   )
 (  0.000000   0.000000    -0.005474   0.000000     0.000000   0.000000   )
 ( -0.000000   0.000000    -0.005474   0.000000    -0.000000   0.000000   )
 ( -0.011514   0.000000     0.005196   0.000000     0.005669   0.000000   )
 (  0.011514   0.000000     0.005196   0.000000    -0.005669   0.000000   )
 (  0.020627   0.000000     0.029067   0.000000     0.020535   0.000000   )
 ( -0.020627   0.000000     0.029067   0.000000    -0.020535   0.000000   )
 (  0.135406   0.000000    -0.279468   0.000000    -0.092437   0.000000   )
 (  0.158904   0.000000    -0.096112   0.000000     0.329593   0.000000   )
 ( -0.158904   0.000000    -0.096112   0.000000    -0.329593   0.000000   )
 ( -0.135406   0.000000    -0.279468   0.000000     0.092437   0.000000   )
     freq (   44) =      43.130586 [THz] =    1438.681483 [cm-1]
 ( -0.132608   0.000000     0.282064   0.000000     0.092735   0.000000   )
 ( -0.148594   0.000000     0.105044   0.000000    -0.330824   0.000000   )
 (  0.148594   0.000000     0.105044   0.000000     0.330824   0.000000   )
 (  0.132608   0.000000     0.282064   0.000000    -0.092735   0.000000   )
 (  0.017399   0.000000    -0.030200   0.000000     0.020604   0.000000   )
 ( -0.017399   0.000000    -0.030200   0.000000    -0.020604   0.000000   )
 ( -0.001031   0.000000    -0.004248   0.000000     0.004703   0.000000   )
 (  0.001031   0.000000    -0.004248   0.000000    -0.004703   0.000000   )
 ( -0.005426   0.000000    -0.000000   0.000000    -0.001183   0.000000   )
 (  0.005426   0.000000    -0.000000   0.000000     0.001183   0.000000   )
 ( -0.001031   0.000000     0.004248   0.000000     0.004703   0.000000   )
 (  0.001031   0.000000     0.004248   0.000000    -0.004703   0.000000   )
 (  0.017399   0.000000     0.030200   0.000000     0.020604   0.000000   )
 ( -0.017399   0.000000     0.030200   0.000000    -0.020604   0.000000   )
 (  0.132608   0.000000    -0.282064   0.000000    -0.092735   0.000000   )
 (  0.148594   0.000000    -0.105044   0.000000     0.330824   0.000000   )
 ( -0.148594   0.000000    -0.105044   0.000000    -0.330824   0.000000   )
 ( -0.132608   0.000000    -0.282064   0.000000     0.092735   0.000000   )
     freq (   45) =      47.680804 [THz] =    1590.460409 [cm-1]
 ( -0.008759   0.000000     0.115528   0.000000     0.031756   0.000000   )
 ( -0.004974   0.000000     0.106161   0.000000    -0.126644   0.000000   )
 ( -0.004974   0.000000    -0.106161   0.000000    -0.126644   0.000000   )
 ( -0.008759   0.000000    -0.115528   0.000000     0.031756   0.000000   )
 ( -0.003936   0.000000     0.028232   0.000000     0.001019   0.000000   )
 ( -0.003936   0.000000    -0.028232   0.000000     0.001019   0.000000   )
 (  0.071318   0.000000    -0.291463   0.000000     0.011896   0.000000   )
 (  0.071318   0.000000     0.291463   0.000000     0.011896   0.000000   )
 ( -0.000000   0.000000     0.484237   0.000000     0.000000   0.000000   )
 (  0.000000   0.000000    -0.484237   0.000000    -0.000000   0.000000   )
 ( -0.071318   0.000000    -0.291463   0.000000    -0.011896   0.000000   )
 ( -0.071318   0.000000     0.291463   0.000000    -0.011896   0.000000   )
 (  0.003936   0.000000     0.028232   0.000000    -0.001019   0.000000   )
 (  0.003936   0.000000    -0.028232   0.000000    -0.001019   0.000000   )
 (  0.008759   0.000000    -0.115528   0.000000    -0.031756   0.000000   )
 (  0.004974   0.000000    -0.106161   0.000000     0.126644   0.000000   )
 (  0.004974   0.000000     0.106161   0.000000     0.126644   0.000000   )
 (  0.008759   0.000000     0.115528   0.000000    -0.031756   0.000000   )
     freq (   46) =      47.836731 [THz] =    1595.661578 [cm-1]
 (  0.016668  -0.000000     0.027873  -0.000000    -0.003987   0.000000   )
 (  0.198247  -0.000000     0.166747  -0.000000    -0.018616   0.000000   )
 ( -0.198247   0.000000     0.166747  -0.000000     0.018616  -0.000000   )
 ( -0.016668   0.000000     0.027873  -0.000000     0.003987  -0.000000   )
 ( -0.050034   0.000000    -0.008292   0.000000    -0.004895   0.000000   )
 (  0.050034  -0.000000    -0.008292   0.000000     0.004895  -0.000000   )
 (  0.356747  -0.000000    -0.089964   0.000000    -0.010459   0.000000   )
 ( -0.356747   0.000000    -0.089964   0.000000     0.010459  -0.000000   )
 ( -0.294637   0.000000    -0.000000   0.000000     0.002478  -0.000000   )
 (  0.294637  -0.000000     0.000000  -0.000000    -0.002478   0.000000   )
 (  0.356747  -0.000000     0.089964  -0.000000    -0.010459   0.000000   )
 ( -0.356747   0.000000     0.089964  -0.000000     0.010459  -0.000000   )
 ( -0.050034   0.000000     0.008292  -0.000000    -0.004895   0.000000   )
 (  0.050034  -0.000000     0.008292  -0.000000     0.004895  -0.000000   )
 ( -0.016668   0.000000    -0.027873   0.000000     0.003987  -0.000000   )
 ( -0.198247   0.000000    -0.166747   0.000000     0.018616  -0.000000   )
 (  0.198247  -0.000000    -0.166747   0.000000    -0.018616   0.000000   )
 (  0.016668  -0.000000    -0.027873   0.000000    -0.003987   0.000000   )
     freq (   47) =      88.750791 [THz] =    2960.407730 [cm-1]
 ( -0.031948   0.000000     0.110387   0.000000    -0.482080   0.000000   )
 ( -0.022571   0.000000     0.033079   0.000000     0.035840   0.000000   )
 (  0.022571   0.000000     0.033079   0.000000    -0.035840   0.000000   )
 (  0.031948   0.000000     0.110387   0.000000     0.482080   0.000000   )
 (  0.005315   0.000000    -0.011386   0.000000     0.036679   0.000000   )
 ( -0.005315   0.000000    -0.011386   0.000000    -0.036679   0.000000   )
 ( -0.001037   0.000000    -0.000624   0.000000     0.000422   0.000000   )
 (  0.001037   0.000000    -0.000624   0.000000    -0.000422   0.000000   )
 (  0.000000   0.000000    -0.000052   0.000000     0.000000   0.000000   )
 ( -0.000000   0.000000    -0.000052   0.000000    -0.000000   0.000000   )
 (  0.001037   0.000000    -0.000624   0.000000    -0.000422   0.000000   )
 ( -0.001037   0.000000    -0.000624   0.000000     0.000422   0.000000   )
 ( -0.005315   0.000000    -0.011386   0.000000    -0.036679   0.000000   )
 (  0.005315   0.000000    -0.011386   0.000000     0.036679   0.000000   )
 ( -0.031948   0.000000     0.110387   0.000000    -0.482080   0.000000   )
 ( -0.022571   0.000000     0.033079   0.000000     0.035840   0.000000   )
 (  0.022571   0.000000     0.033079   0.000000    -0.035840   0.000000   )
 (  0.031948   0.000000     0.110387   0.000000     0.482080   0.000000   )
     freq (   48) =      88.792605 [THz] =    2961.802508 [cm-1]
 ( -0.031960   0.000000     0.110611   0.000000    -0.482370   0.000000   )
 ( -0.020874   0.000000     0.030870   0.000000     0.034138   0.000000   )
 (  0.020874   0.000000     0.030870   0.000000    -0.034138   0.000000   )
 (  0.031960   0.000000     0.110611   0.000000     0.482370   0.000000   )
 (  0.005220   0.000000    -0.011122   0.000000     0.036826   0.000000   )
 ( -0.005220   0.000000    -0.011122   0.000000    -0.036826   0.000000   )
 ( -0.000750   0.000000    -0.000989   0.000000     0.000528   0.000000   )
 (  0.000750   0.000000    -0.000989   0.000000    -0.000528   0.000000   )
 ( -0.000859   0.000000    -0.000000   0.000000    -0.000121   0.000000   )
 (  0.000859   0.000000    -0.000000   0.000000     0.000121   0.000000   )
 ( -0.000750   0.000000     0.000989   0.000000     0.000528   0.000000   )
 (  0.000750   0.000000     0.000989   0.000000    -0.000528   0.000000   )
 (  0.005220   0.000000     0.011122   0.000000     0.036826   0.000000   )
 ( -0.005220   0.000000     0.011122   0.000000    -0.036826   0.000000   )
 (  0.031960   0.000000    -0.110611   0.000000     0.482370   0.000000   )
 (  0.020874   0.000000    -0.030870   0.000000    -0.034138   0.000000   )
 ( -0.020874   0.000000    -0.030870   0.000000     0.034138   0.000000   )
 ( -0.031960   0.000000    -0.110611   0.000000    -0.482370   0.000000   )
     freq (   49) =      89.138042 [THz] =    2973.325023 [cm-1]
 (  0.029624   0.000000    -0.106601   0.000000     0.475047   0.000000   )
 (  0.045664   0.000000    -0.069600   0.000000    -0.060930   0.000000   )
 (  0.045664   0.000000     0.069600   0.000000    -0.060930   0.000000   )
 (  0.029624   0.000000     0.106601   0.000000     0.475047   0.000000   )
 ( -0.006598   0.000000     0.014704   0.000000    -0.034428   0.000000   )
 ( -0.006598   0.000000    -0.014704   0.000000    -0.034428   0.000000   )
 ( -0.000059   0.000000     0.001053   0.000000    -0.000253   0.000000   )
 ( -0.000059   0.000000    -0.001053   0.000000    -0.000253   0.000000   )
 ( -0.000000   0.000000    -0.001284   0.000000    -0.000000   0.000000   )
 ( -0.000000   0.000000     0.001284   0.000000    -0.000000   0.000000   )
 (  0.000059   0.000000     0.001053   0.000000     0.000253   0.000000   )
 (  0.000059   0.000000    -0.001053   0.000000     0.000253   0.000000   )
 (  0.006598   0.000000     0.014704   0.000000     0.034428   0.000000   )
 (  0.006598   0.000000    -0.014704   0.000000     0.034428   0.000000   )
 ( -0.029624   0.000000     0.106601   0.000000    -0.475047   0.000000   )
 ( -0.045664   0.000000     0.069600   0.000000     0.060930   0.000000   )
 ( -0.045664   0.000000    -0.069600   0.000000     0.060930   0.000000   )
 ( -0.029624   0.000000    -0.106601   0.000000    -0.475047   0.000000   )
     freq (   50) =      89.153977 [THz] =    2973.856580 [cm-1]
 ( -0.029676   0.000000     0.106504   0.000000    -0.475048   0.000000   )
 ( -0.045894   0.000000     0.069587   0.000000     0.060949   0.000000   )
 ( -0.045894   0.000000    -0.069587   0.000000     0.060949   0.000000   )
 ( -0.029676   0.000000    -0.106504   0.000000    -0.475048   0.000000   )
 (  0.006612   0.000000    -0.014699   0.000000     0.034382   0.000000   )
 (  0.006612   0.000000     0.014699   0.000000     0.034382   0.000000   )
 ( -0.000074   0.000000    -0.000696   0.000000     0.000384   0.000000   )
 ( -0.000074   0.000000     0.000696   0.000000     0.000384   0.000000   )
 ( -0.000375   0.000000     0.000000   0.000000    -0.000051   0.000000   )
 ( -0.000375   0.000000    -0.000000   0.000000    -0.000051   0.000000   )
 ( -0.000074   0.000000     0.000696   0.000000     0.000384   0.000000   )
 ( -0.000074   0.000000    -0.000696   0.000000     0.000384   0.000000   )
 (  0.006612   0.000000     0.014699   0.000000     0.034382   0.000000   )
 (  0.006612   0.000000    -0.014699   0.000000     0.034382   0.000000   )
 ( -0.029676   0.000000     0.106504   0.000000    -0.475048   0.000000   )
 ( -0.045894   0.000000     0.069587   0.000000     0.060949   0.000000   )
 ( -0.045894   0.000000    -0.069587   0.000000     0.060949   0.000000   )
 ( -0.029676   0.000000    -0.106504   0.000000    -0.475048   0.000000   )
     freq (   51) =      92.803567 [THz] =    3095.593799 [cm-1]
 (  0.010084   0.000000    -0.028613   0.000000     0.088134   0.000000   )
 ( -0.233106   0.000000     0.356023   0.000000     0.241549   0.000000   )
 ( -0.233106   0.000000    -0.356023   0.000000     0.241549   0.000000   )
 (  0.010084   0.000000     0.028613   0.000000     0.088134   0.000000   )
 (  0.018638   0.000000    -0.027803   0.000000    -0.027471   0.000000   )
 (  0.018638   0.000000     0.027803   0.000000    -0.027471   0.000000   )
 (  0.000191   0.000000    -0.000311   0.000000     0.000025   0.000000   )
 (  0.000191   0.000000     0.000311   0.000000     0.000025   0.000000   )
 ( -0.000000   0.000000     0.000537   0.000000    -0.000000   0.000000   )
 ( -0.000000   0.000000    -0.000537   0.000000    -0.000000   0.000000   )
 ( -0.000191   0.000000    -0.000311   0.000000    -0.000025   0.000000   )
 ( -0.000191   0.000000     0.000311   0.000000    -0.000025   0.000000   )
 ( -0.018638   0.000000    -0.027803   0.000000     0.027471   0.000000   )
 ( -0.018638   0.000000     0.027803   0.000000     0.027471   0.000000   )
 ( -0.010084   0.000000     0.028613   0.000000    -0.088134   0.000000   )
 (  0.233106   0.000000    -0.356023   0.000000    -0.241549   0.000000   )
 (  0.233106   0.000000     0.356023   0.000000    -0.241549   0.000000   )
 ( -0.010084   0.000000    -0.028613   0.000000    -0.088134   0.000000   )
     freq (   52) =      92.820196 [THz] =    3096.148472 [cm-1]
 (  0.010034   0.000000    -0.028771   0.000000     0.088260   0.000000   )
 ( -0.232907   0.000000     0.356201   0.000000     0.241427   0.000000   )
 ( -0.232907   0.000000    -0.356201   0.000000     0.241427   0.000000   )
 (  0.010034   0.000000     0.028771   0.000000     0.088260   0.000000   )
 (  0.018620   0.000000    -0.027778   0.000000    -0.027423   0.000000   )
 (  0.018620   0.000000     0.027778   0.000000    -0.027423   0.000000   )
 (  0.000222   0.000000    -0.000168   0.000000    -0.000095   0.000000   )
 (  0.000222   0.000000     0.000168   0.000000    -0.000095   0.000000   )
 ( -0.000268   0.000000    -0.000000   0.000000    -0.000296   0.000000   )
 ( -0.000268   0.000000     0.000000   0.000000    -0.000296   0.000000   )
 (  0.000222   0.000000     0.000168   0.000000    -0.000095   0.000000   )
 (  0.000222   0.000000    -0.000168   0.000000    -0.000095   0.000000   )
 (  0.018620   0.000000     0.027778   0.000000    -0.027423   0.000000   )
 (  0.018620   0.000000    -0.027778   0.000000    -0.027423   0.000000   )
 (  0.010034   0.000000    -0.028771   0.000000     0.088260   0.000000   )
 ( -0.232907   0.000000     0.356201   0.000000     0.241427   0.000000   )
 ( -0.232907   0.000000    -0.356201   0.000000     0.241427   0.000000   )
 (  0.010034   0.000000     0.028771   0.000000     0.088260   0.000000   )
     freq (   53) =      93.494934 [THz] =    3118.655307 [cm-1]
 ( -0.007738   0.000000     0.016123   0.000000    -0.038981   0.000000   )
 (  0.241506   0.000000    -0.359826   0.000000    -0.242135   0.000000   )
 ( -0.241506   0.000000    -0.359826   0.000000     0.242135   0.000000   )
 (  0.007738   0.000000     0.016123   0.000000     0.038981   0.000000   )
 ( -0.018327   0.000000     0.028973   0.000000     0.023579   0.000000   )
 (  0.018327   0.000000     0.028973   0.000000    -0.023579   0.000000   )
 (  0.000133   0.000000     0.000101   0.000000     0.000207   0.000000   )
 ( -0.000133   0.000000     0.000101   0.000000    -0.000207   0.000000   )
 ( -0.000000   0.000000    -0.000472   0.000000     0.000000   0.000000   )
 (  0.000000   0.000000    -0.000472   0.000000    -0.000000   0.000000   )
 ( -0.000133   0.000000     0.000101   0.000000    -0.000207   0.000000   )
 (  0.000133   0.000000     0.000101   0.000000     0.000207   0.000000   )
 (  0.018327   0.000000     0.028973   0.000000    -0.023579   0.000000   )
 ( -0.018327   0.000000     0.028973   0.000000     0.023579   0.000000   )
 ( -0.007738   0.000000     0.016123   0.000000    -0.038981   0.000000   )
 (  0.241506   0.000000    -0.359826   0.000000    -0.242135   0.000000   )
 ( -0.241506   0.000000    -0.359826   0.000000     0.242135   0.000000   )
 (  0.007738   0.000000     0.016123   0.000000     0.038981   0.000000   )
     freq (   54) =      93.522384 [THz] =    3119.570953 [cm-1]
 (  0.007695   0.000000    -0.015276   0.000000     0.035710   0.000000   )
 ( -0.241757   0.000000     0.359843   0.000000     0.242434   0.000000   )
 (  0.241757   0.000000     0.359843   0.000000    -0.242434   0.000000   )
 ( -0.007695   0.000000    -0.015276   0.000000    -0.035710   0.000000   )
 (  0.018338   0.000000    -0.029014   0.000000    -0.023372   0.000000   )
 ( -0.018338   0.000000    -0.029014   0.000000     0.023372   0.000000   )
 ( -0.000104   0.000000    -0.000141   0.000000    -0.000254   0.000000   )
 (  0.000104   0.000000    -0.000141   0.000000     0.000254   0.000000   )
 (  0.000090   0.000000    -0.000000   0.000000    -0.000198   0.000000   )
 ( -0.000090   0.000000    -0.000000   0.000000     0.000198   0.000000   )
 ( -0.000104   0.000000     0.000141   0.000000    -0.000254   0.000000   )
 (  0.000104   0.000000     0.000141   0.000000     0.000254   0.000000   )
 (  0.018338   0.000000     0.029014   0.000000    -0.023372   0.000000   )
 ( -0.018338   0.000000     0.029014   0.000000     0.023372   0.000000   )
 ( -0.007695   0.000000     0.015276   0.000000    -0.035710   0.000000   )
 (  0.241757   0.000000    -0.359843   0.000000    -0.242434   0.000000   )
 ( -0.241757   0.000000    -0.359843   0.000000     0.242434   0.000000   )
 (  0.007695   0.000000     0.015276   0.000000     0.035710   0.000000   )
 **************************************************************************
