     diagonalizing the dynamical matrix ...

 q =       0.0000      0.0000      0.0000
 **************************************************************************
     freq (    1) =      -1.314620 [THz] =     -43.850987 [cm-1]
 (  0.000000   0.000000    -0.000000   0.000000    -0.262713   0.000000   )
 (  0.000000   0.000000    -0.000000   0.000000    -0.262713   0.000000   )
 (  0.000000   0.000000    -0.000000   0.000000    -0.266889   0.000000   )
 (  0.000000   0.000000    -0.000000   0.000000    -0.266889   0.000000   )
 (  0.000000   0.000000    -0.000000   0.000000    -0.270298   0.000000   )
 (  0.000000   0.000000    -0.000000   0.000000    -0.270298   0.000000   )
 (  0.000000   0.000000    -0.000000   0.000000    -0.270891   0.000000   )
 (  0.000000   0.000000    -0.000000   0.000000    -0.270891   0.000000   )
 (  0.000000   0.000000    -0.000000   0.000000    -0.270298   0.000000   )
 (  0.000000   0.000000    -0.000000   0.000000    -0.270298   0.000000   )
 (  0.000000   0.000000    -0.000000   0.000000    -0.266889   0.000000   )
 (  0.000000   0.000000    -0.000000   0.000000    -0.266889   0.000000   )
 (  0.000000   0.000000    -0.000000   0.000000    -0.262713   0.000000   )
 (  0.000000   0.000000    -0.000000   0.000000    -0.262713   0.000000   )
     freq (    2) =       0.744285 [THz] =      24.826681 [cm-1]
 (  0.000000   0.000000     0.000000   0.000000     0.387371   0.000000   )
 (  0.000000   0.000000     0.000000   0.000000     0.387371   0.000000   )
 (  0.000000   0.000000     0.000000   0.000000     0.282422   0.000000   )
 (  0.000000   0.000000     0.000000   0.000000     0.282422   0.000000   )
 (  0.000000   0.000000     0.000000   0.000000     0.142061   0.000000   )
 (  0.000000   0.000000     0.000000   0.000000     0.142061   0.000000   )
 (  0.000000   0.000000     0.000000   0.000000     0.000000   0.000000   )
 (  0.000000   0.000000     0.000000   0.000000     0.000000   0.000000   )
 (  0.000000   0.000000     0.000000   0.000000    -0.142061   0.000000   )
 (  0.000000   0.000000     0.000000   0.000000    -0.142061   0.000000   )
 (  0.000000   0.000000     0.000000   0.000000    -0.282422   0.000000   )
 (  0.000000   0.000000     0.000000   0.000000    -0.282422   0.000000   )
 (  0.000000   0.000000     0.000000   0.000000    -0.387371   0.000000   )
 (  0.000000   0.000000     0.000000   0.000000    -0.387371   0.000000   )
     freq (    3) =       1.421582 [THz] =      47.418859 [cm-1]
 ( -0.269716   0.000000     0.001850   0.000000     0.000000   0.000000   )
 ( -0.269716   0.000000    -0.001850   0.000000     0.000000   0.000000   )
 ( -0.270635   0.000000     0.001438   0.000000     0.000000   0.000000   )
 ( -0.270635   0.000000    -0.001438   0.000000    -0.000000   0.000000   )
 ( -0.264585   0.000000     0.000755   0.000000    -0.000000   0.000000   )
 ( -0.264585   0.000000    -0.000755   0.000000    -0.000000   0.000000   )
 ( -0.260764   0.000000    -0.000000   0.000000    -0.000000   0.000000   )
 ( -0.260764   0.000000    -0.000000   0.000000    -0.000000   0.000000   )
 ( -0.264585   0.000000    -0.000755   0.000000    -0.000000   0.000000   )
 ( -0.264585   0.000000     0.000755   0.000000    -0.000000   0.000000   )
 ( -0.270635   0.000000    -0.001438   0.000000    -0.000000   0.000000   )
 ( -0.270635   0.000000     0.001438   0.000000    -0.000000   0.000000   )
 ( -0.269716   0.000000    -0.001850   0.000000    -0.000000   0.000000   )
 ( -0.269716   0.000000     0.001850   0.000000    -0.000000   0.000000   )
     freq (    4) =       2.190495 [THz] =      73.067053 [cm-1]
 (  0.001793   0.000000     0.265835   0.000000    -0.000000   0.000000   )
 ( -0.001793   0.000000     0.265835   0.000000    -0.000000   0.000000   )
 ( -0.000158   0.000000     0.264588   0.000000    -0.000000   0.000000   )
 (  0.000158   0.000000     0.264588   0.000000    -0.000000   0.000000   )
 ( -0.000864   0.000000     0.269138   0.000000    -0.000000   0.000000   )
 (  0.000864   0.000000     0.269138   0.000000    -0.000000   0.000000   )
 ( -0.000000   0.000000     0.271611   0.000000    -0.000000   0.000000   )
 ( -0.000000   0.000000     0.271611   0.000000    -0.000000   0.000000   )
 (  0.000864   0.000000     0.269138   0.000000    -0.000000   0.000000   )
 ( -0.000864   0.000000     0.269138   0.000000     0.000000   0.000000   )
 (  0.000158   0.000000     0.264588   0.000000     0.000000   0.000000   )
 ( -0.000158   0.000000     0.264588   0.000000     0.000000   0.000000   )
 ( -0.001793   0.000000     0.265835   0.000000     0.000000   0.000000   )
 (  0.001793   0.000000     0.265835   0.000000     0.000000   0.000000   )
     freq (    5) =       5.209155 [THz] =     173.758706 [cm-1]
 (  0.000000   0.000000     0.000000   0.000000    -0.427542   0.000000   )
 (  0.000000   0.000000     0.000000   0.000000    -0.427542   0.000000   )
 (  0.000000   0.000000     0.000000   0.000000    -0.181750   0.000000   )
 (  0.000000   0.000000     0.000000   0.000000    -0.181750   0.000000   )
 (  0.000000   0.000000     0.000000   0.000000     0.108011   0.000000   )
 (  0.000000   0.000000     0.000000   0.000000     0.108011   0.000000   )
 (  0.000000   0.000000     0.000000   0.000000     0.212171   0.000000   )
 (  0.000000   0.000000    -0.000000   0.000000     0.212171   0.000000   )
 (  0.000000   0.000000     0.000000   0.000000     0.108011   0.000000   )
 (  0.000000   0.000000     0.000000   0.000000     0.108011   0.000000   )
 (  0.000000   0.000000     0.000000   0.000000    -0.181750   0.000000   )
 (  0.000000   0.000000    -0.000000   0.000000    -0.181750   0.000000   )
 ( -0.000000   0.000000     0.000000   0.000000    -0.427542   0.000000   )
 ( -0.000000   0.000000    -0.000000   0.000000    -0.427542   0.000000   )
     freq (    6) =      10.258283 [THz] =     342.179477 [cm-1]
 (  0.000000   0.000000     0.000000   0.000000     0.430337   0.000000   )
 (  0.000000   0.000000    -0.000000   0.000000    -0.430337   0.000000   )
 (  0.000000   0.000000    -0.000000   0.000000     0.217937   0.000000   )
 (  0.000000   0.000000    -0.000000   0.000000    -0.217937   0.000000   )
 (  0.000000   0.000000     0.000000   0.000000     0.131582   0.000000   )
 (  0.000000   0.000000    -0.000000   0.000000    -0.131582   0.000000   )
 (  0.000000   0.000000    -0.000000   0.000000     0.000000   0.000000   )
 (  0.000000   0.000000    -0.000000   0.000000    -0.000000   0.000000   )
 ( -0.000000   0.000000     0.000000   0.000000    -0.131582   0.000000   )
 ( -0.000000   0.000000    -0.000000   0.000000     0.131582   0.000000   )
 ( -0.000000   0.000000    -0.000000   0.000000    -0.217937   0.000000   )
 ( -0.000000   0.000000    -0.000000   0.000000     0.217937   0.000000   )
 ( -0.000000   0.000000     0.000000   0.000000    -0.430337   0.000000   )
 ( -0.000000   0.000000     0.000000   0.000000     0.430337   0.000000   )
     freq (    7) =      10.512905 [THz] =     350.672773 [cm-1]
 ( -0.353105   0.000000    -0.042522   0.000000     0.000000   0.000000   )
 ( -0.353105   0.000000     0.042522   0.000000     0.000000   0.000000   )
 ( -0.302563   0.000000    -0.013545   0.000000     0.000000   0.000000   )
 ( -0.302563   0.000000     0.013545   0.000000     0.000000   0.000000   )
 ( -0.176453   0.000000    -0.025068   0.000000    -0.000000   0.000000   )
 ( -0.176453   0.000000     0.025068   0.000000    -0.000000   0.000000   )
 ( -0.000000   0.000000     0.005781   0.000000    -0.000000   0.000000   )
 ( -0.000000   0.000000    -0.005781   0.000000     0.000000   0.000000   )
 (  0.176453   0.000000    -0.025068   0.000000     0.000000   0.000000   )
 (  0.176453   0.000000     0.025068   0.000000     0.000000   0.000000   )
 (  0.302563   0.000000    -0.013545   0.000000    -0.000000   0.000000   )
 (  0.302563   0.000000     0.013545   0.000000     0.000000   0.000000   )
 (  0.353105   0.000000    -0.042522   0.000000    -0.000000   0.000000   )
 (  0.353105   0.000000     0.042522   0.000000    -0.000000   0.000000   )
     freq (    8) =      10.582866 [THz] =     353.006397 [cm-1]
 (  0.000000   0.000000     0.000000   0.000000     0.436351   0.000000   )
 (  0.000000   0.000000    -0.000000   0.000000     0.436351   0.000000   )
 (  0.000000   0.000000     0.000000   0.000000     0.067751   0.000000   )
 (  0.000000   0.000000    -0.000000   0.000000     0.067751   0.000000   )
 (  0.000000   0.000000     0.000000   0.000000    -0.234538   0.000000   )
 (  0.000000   0.000000    -0.000000   0.000000    -0.234538   0.000000   )
 ( -0.000000   0.000000    -0.000000   0.000000     0.000000   0.000000   )
 ( -0.000000   0.000000     0.000000   0.000000    -0.000000   0.000000   )
 ( -0.000000   0.000000     0.000000   0.000000     0.234538   0.000000   )
 ( -0.000000   0.000000    -0.000000   0.000000     0.234538   0.000000   )
 ( -0.000000   0.000000     0.000000   0.000000    -0.067751   0.000000   )
 ( -0.000000   0.000000    -0.000000   0.000000    -0.067751   0.000000   )
 ( -0.000000   0.000000     0.000000   0.000000    -0.436351   0.000000   )
 ( -0.000000   0.000000    -0.000000   0.000000    -0.436351   0.000000   )
     freq (    9) =      11.582387 [THz] =     386.346845 [cm-1]
 ( -0.000000   0.000000    -0.000000   0.000000     0.412893   0.000000   )
 ( -0.000000   0.000000     0.000000   0.000000    -0.412893   0.000000   )
 ( -0.000000   0.000000     0.000000   0.000000     0.217663   0.000000   )
 ( -0.000000   0.000000     0.000000   0.000000    -0.217663   0.000000   )
 ( -0.000000   0.000000    -0.000000   0.000000     0.156637   0.000000   )
 ( -0.000000   0.000000     0.000000   0.000000    -0.156637   0.000000   )
 (  0.000000   0.000000     0.000000   0.000000     0.123347   0.000000   )
 (  0.000000   0.000000     0.000000   0.000000    -0.123347   0.000000   )
 (  0.000000   0.000000    -0.000000   0.000000     0.156637   0.000000   )
 (  0.000000   0.000000     0.000000   0.000000    -0.156637   0.000000   )
 (  0.000000   0.000000    -0.000000   0.000000     0.217663   0.000000   )
 (  0.000000   0.000000     0.000000   0.000000    -0.217663   0.000000   )
 (  0.000000   0.000000     0.000000   0.000000     0.412893   0.000000   )
 (  0.000000   0.000000     0.000000   0.000000    -0.412893   0.000000   )
     freq (   10) =      15.899808 [THz] =     530.360500 [cm-1]
 (  0.000000   0.000000    -0.000000   0.000000    -0.399906   0.000000   )
 (  0.000000   0.000000    -0.000000   0.000000    -0.399906   0.000000   )
 (  0.000000   0.000000    -0.000000   0.000000     0.003303   0.000000   )
 ( -0.000000   0.000000    -0.000000   0.000000     0.003303   0.000000   )
 ( -0.000000   0.000000    -0.000000   0.000000     0.192509   0.000000   )
 (  0.000000   0.000000    -0.000000   0.000000     0.192509   0.000000   )
 (  0.000000   0.000000     0.000000   0.000000    -0.325591   0.000000   )
 ( -0.000000   0.000000    -0.000000   0.000000    -0.325591   0.000000   )
 (  0.000000   0.000000     0.000000   0.000000     0.192509   0.000000   )
 (  0.000000   0.000000     0.000000   0.000000     0.192509   0.000000   )
 (  0.000000   0.000000     0.000000   0.000000     0.003303   0.000000   )
 ( -0.000000   0.000000     0.000000   0.000000     0.003303   0.000000   )
 ( -0.000000   0.000000     0.000000   0.000000    -0.399906   0.000000   )
 ( -0.000000   0.000000     0.000000   0.000000    -0.399906   0.000000   )
     freq (   11) =      16.094058 [THz] =     536.840006 [cm-1]
 (  0.062811   0.000000    -0.309102   0.000000     0.000000   0.000000   )
 ( -0.062811   0.000000    -0.309102   0.000000     0.000000   0.000000   )
 (  0.007349   0.000000    -0.336097   0.000000    -0.000000   0.000000   )
 ( -0.007349   0.000000    -0.336097   0.000000     0.000000   0.000000   )
 ( -0.026765   0.000000    -0.190447   0.000000    -0.000000   0.000000   )
 (  0.026765   0.000000    -0.190447   0.000000    -0.000000   0.000000   )
 (  0.031908   0.000000     0.000000   0.000000     0.000000   0.000000   )
 ( -0.031908   0.000000    -0.000000   0.000000     0.000000   0.000000   )
 ( -0.026765   0.000000     0.190447   0.000000    -0.000000   0.000000   )
 (  0.026765   0.000000     0.190447   0.000000    -0.000000   0.000000   )
 (  0.007349   0.000000     0.336097   0.000000    -0.000000   0.000000   )
 ( -0.007349   0.000000     0.336097   0.000000     0.000000   0.000000   )
 (  0.062811   0.000000     0.309102   0.000000     0.000000   0.000000   )
 ( -0.062811   0.000000     0.309102   0.000000     0.000000   0.000000   )
     freq (   12) =      16.192168 [THz] =     540.112586 [cm-1]
 ( -0.218442   0.000000    -0.332897   0.000000    -0.000000   0.000000   )
 ( -0.218442   0.000000     0.332897   0.000000    -0.000000   0.000000   )
 (  0.020951   0.000000    -0.197256   0.000000    -0.000000   0.000000   )
 (  0.020951   0.000000     0.197256   0.000000     0.000000   0.000000   )
 (  0.045480   0.000000    -0.182026   0.000000     0.000000   0.000000   )
 (  0.045480   0.000000     0.182026   0.000000     0.000000   0.000000   )
 (  0.000000   0.000000    -0.183911   0.000000    -0.000000   0.000000   )
 ( -0.000000   0.000000     0.183911   0.000000    -0.000000   0.000000   )
 ( -0.045480   0.000000    -0.182026   0.000000     0.000000   0.000000   )
 ( -0.045480   0.000000     0.182026   0.000000     0.000000   0.000000   )
 ( -0.020951   0.000000    -0.197256   0.000000    -0.000000   0.000000   )
 ( -0.020951   0.000000     0.197256   0.000000     0.000000   0.000000   )
 (  0.218442   0.000000    -0.332897   0.000000    -0.000000   0.000000   )
 (  0.218442   0.000000     0.332897   0.000000    -0.000000   0.000000   )
     freq (   13) =      16.788284 [THz] =     559.996871 [cm-1]
 ( -0.000000   0.000000    -0.000000   0.000000     0.387098   0.000000   )
 ( -0.000000   0.000000    -0.000000   0.000000    -0.387098   0.000000   )
 ( -0.000000   0.000000    -0.000000   0.000000     0.146070   0.000000   )
 ( -0.000000   0.000000    -0.000000   0.000000    -0.146070   0.000000   )
 ( -0.000000   0.000000    -0.000000   0.000000    -0.160245   0.000000   )
 (  0.000000   0.000000    -0.000000   0.000000     0.160245   0.000000   )
 (  0.000000   0.000000    -0.000000   0.000000    -0.326007   0.000000   )
 (  0.000000   0.000000     0.000000   0.000000     0.326007   0.000000   )
 ( -0.000000   0.000000     0.000000   0.000000    -0.160245   0.000000   )
 (  0.000000   0.000000     0.000000   0.000000     0.160245   0.000000   )
 ( -0.000000   0.000000     0.000000   0.000000     0.146070   0.000000   )
 ( -0.000000   0.000000     0.000000   0.000000    -0.146070   0.000000   )
 (  0.000000   0.000000     0.000000   0.000000     0.387098   0.000000   )
 ( -0.000000   0.000000     0.000000   0.000000    -0.387098   0.000000   )
     freq (   14) =      19.516484 [THz] =     650.999825 [cm-1]
 (  0.370001   0.000000     0.197796   0.000000     0.000000   0.000000   )
 (  0.370001   0.000000    -0.197796   0.000000    -0.000000   0.000000   )
 (  0.166937   0.000000     0.080883   0.000000     0.000000   0.000000   )
 (  0.166937   0.000000    -0.080883   0.000000    -0.000000   0.000000   )
 ( -0.091370   0.000000     0.078664   0.000000    -0.000000   0.000000   )
 ( -0.091370   0.000000    -0.078664   0.000000     0.000000   0.000000   )
 ( -0.223740   0.000000    -0.000000   0.000000     0.000000   0.000000   )
 ( -0.223740   0.000000     0.000000   0.000000     0.000000   0.000000   )
 ( -0.091370   0.000000    -0.078664   0.000000     0.000000   0.000000   )
 ( -0.091370   0.000000     0.078664   0.000000    -0.000000   0.000000   )
 (  0.166937   0.000000    -0.080883   0.000000     0.000000   0.000000   )
 (  0.166937   0.000000     0.080883   0.000000    -0.000000   0.000000   )
 (  0.370001   0.000000    -0.197796   0.000000     0.000000   0.000000   )
 (  0.370001   0.000000     0.197796   0.000000    -0.000000   0.000000   )
     freq (   15) =      21.898087 [THz] =     730.441558 [cm-1]
 ( -0.000000   0.000000     0.000000   0.000000     0.489234   0.000000   )
 (  0.000000   0.000000    -0.000000   0.000000     0.489234   0.000000   )
 ( -0.000000   0.000000     0.000000   0.000000    -0.081922   0.000000   )
 ( -0.000000   0.000000    -0.000000   0.000000    -0.081922   0.000000   )
 ( -0.000000   0.000000     0.000000   0.000000     0.057991   0.000000   )
 (  0.000000   0.000000    -0.000000   0.000000     0.057991   0.000000   )
 (  0.000000   0.000000     0.000000   0.000000    -0.033937   0.000000   )
 (  0.000000   0.000000     0.000000   0.000000    -0.033937   0.000000   )
 (  0.000000   0.000000    -0.000000   0.000000     0.057991   0.000000   )
 (  0.000000   0.000000     0.000000   0.000000     0.057991   0.000000   )
 ( -0.000000   0.000000    -0.000000   0.000000    -0.081922   0.000000   )
 (  0.000000   0.000000     0.000000   0.000000    -0.081922   0.000000   )
 (  0.000000   0.000000    -0.000000   0.000000     0.489234   0.000000   )
 (  0.000000   0.000000     0.000000   0.000000     0.489234   0.000000   )
     freq (   16) =      21.953952 [THz] =     732.305000 [cm-1]
 ( -0.000000   0.000000    -0.000000   0.000000     0.386352   0.000000   )
 ( -0.000000   0.000000     0.000000   0.000000    -0.386352   0.000000   )
 (  0.000000   0.000000    -0.000000   0.000000     0.114662   0.000000   )
 (  0.000000   0.000000     0.000000   0.000000    -0.114662   0.000000   )
 (  0.000000   0.000000    -0.000000   0.000000    -0.295947   0.000000   )
 ( -0.000000   0.000000     0.000000   0.000000     0.295947   0.000000   )
 ( -0.000000   0.000000    -0.000000   0.000000    -0.000000   0.000000   )
 ( -0.000000   0.000000     0.000000   0.000000    -0.000000   0.000000   )
 ( -0.000000   0.000000     0.000000   0.000000     0.295947   0.000000   )
 ( -0.000000   0.000000    -0.000000   0.000000    -0.295947   0.000000   )
 (  0.000000   0.000000     0.000000   0.000000    -0.114662   0.000000   )
 (  0.000000   0.000000    -0.000000   0.000000     0.114662   0.000000   )
 ( -0.000000   0.000000     0.000000   0.000000    -0.386352   0.000000   )
 ( -0.000000   0.000000    -0.000000   0.000000     0.386352   0.000000   )
     freq (   17) =      22.199857 [THz] =     740.507526 [cm-1]
 (  0.000000   0.000000     0.000000   0.000000     0.490268   0.000000   )
 ( -0.000000   0.000000    -0.000000   0.000000     0.490268   0.000000   )
 ( -0.000000   0.000000     0.000000   0.000000    -0.082888   0.000000   )
 ( -0.000000   0.000000    -0.000000   0.000000    -0.082888   0.000000   )
 (  0.000000   0.000000     0.000000   0.000000     0.052599   0.000000   )
 (  0.000000   0.000000    -0.000000   0.000000     0.052599   0.000000   )
 (  0.000000   0.000000    -0.000000   0.000000     0.000000   0.000000   )
 (  0.000000   0.000000    -0.000000   0.000000     0.000000   0.000000   )
 (  0.000000   0.000000     0.000000   0.000000    -0.052599   0.000000   )
 (  0.000000   0.000000     0.000000   0.000000    -0.052599   0.000000   )
 ( -0.000000   0.000000    -0.000000   0.000000     0.082888   0.000000   )
 ( -0.000000   0.000000     0.000000   0.000000     0.082888   0.000000   )
 ( -0.000000   0.000000    -0.000000   0.000000    -0.490268   0.000000   )
 (  0.000000   0.000000     0.000000   0.000000    -0.490268   0.000000   )
     freq (   18) =      22.865192 [THz] =     762.700722 [cm-1]
 ( -0.118208   0.000000    -0.377070   0.000000     0.000000   0.000000   )
 ( -0.118208   0.000000     0.377070   0.000000     0.000000   0.000000   )
 (  0.113920   0.000000    -0.245612   0.000000    -0.000000   0.000000   )
 (  0.113920   0.000000     0.245612   0.000000    -0.000000   0.000000   )
 ( -0.043624   0.000000    -0.100188   0.000000     0.000000   0.000000   )
 ( -0.043624   0.000000     0.100188   0.000000    -0.000000   0.000000   )
 ( -0.131157   0.000000    -0.000000   0.000000     0.000000   0.000000   )
 ( -0.131157   0.000000    -0.000000   0.000000    -0.000000   0.000000   )
 ( -0.043624   0.000000     0.100188   0.000000    -0.000000   0.000000   )
 ( -0.043624   0.000000    -0.100188   0.000000     0.000000   0.000000   )
 (  0.113920   0.000000     0.245612   0.000000     0.000000   0.000000   )
 (  0.113920   0.000000    -0.245612   0.000000    -0.000000   0.000000   )
 ( -0.118208   0.000000     0.377070   0.000000     0.000000   0.000000   )
 ( -0.118208   0.000000    -0.377070   0.000000    -0.000000   0.000000   )
     freq (   19) =      24.769166 [THz] =     826.210455 [cm-1]
 ( -0.133564   0.000000     0.235786   0.000000     0.000000   0.000000   )
 (  0.133564   0.000000     0.235786   0.000000    -0.000000   0.000000   )
 (  0.001910   0.000000     0.303338   0.000000     0.000000   0.000000   )
 ( -0.001910   0.000000     0.303338   0.000000    -0.000000   0.000000   )
 ( -0.027430   0.000000    -0.135054   0.000000    -0.000000   0.000000   )
 (  0.027430   0.000000    -0.135054   0.000000     0.000000   0.000000   )
 (  0.000000   0.000000    -0.362095   0.000000    -0.000000   0.000000   )
 (  0.000000   0.000000    -0.362095   0.000000     0.000000   0.000000   )
 (  0.027430   0.000000    -0.135054   0.000000     0.000000   0.000000   )
 ( -0.027430   0.000000    -0.135054   0.000000     0.000000   0.000000   )
 ( -0.001910   0.000000     0.303338   0.000000    -0.000000   0.000000   )
 (  0.001910   0.000000     0.303338   0.000000     0.000000   0.000000   )
 (  0.133564   0.000000     0.235786   0.000000    -0.000000   0.000000   )
 ( -0.133564   0.000000     0.235786   0.000000     0.000000   0.000000   )
     freq (   20) =      25.377260 [THz] =     846.494282 [cm-1]
 ( -0.000000   0.000000     0.000000   0.000000    -0.250976   0.000000   )
 (  0.000000   0.000000     0.000000   0.000000     0.250976   0.000000   )
 (  0.000000   0.000000     0.000000   0.000000    -0.066161   0.000000   )
 (  0.000000   0.000000     0.000000   0.000000     0.066161   0.000000   )
 ( -0.000000   0.000000    -0.000000   0.000000     0.310789   0.000000   )
 ( -0.000000   0.000000    -0.000000   0.000000    -0.310789   0.000000   )
 ( -0.000000   0.000000    -0.000000   0.000000    -0.414834   0.000000   )
 (  0.000000   0.000000    -0.000000   0.000000     0.414834   0.000000   )
 (  0.000000   0.000000    -0.000000   0.000000     0.310789   0.000000   )
 ( -0.000000   0.000000     0.000000   0.000000    -0.310789   0.000000   )
 ( -0.000000   0.000000    -0.000000   0.000000    -0.066161   0.000000   )
 (  0.000000   0.000000     0.000000   0.000000     0.066161   0.000000   )
 ( -0.000000   0.000000     0.000000   0.000000    -0.250976   0.000000   )
 (  0.000000   0.000000     0.000000   0.000000     0.250976   0.000000   )
     freq (   21) =      27.341357 [THz] =     912.009515 [cm-1]
 ( -0.000000   0.000000    -0.000000   0.000000     0.491585   0.000000   )
 ( -0.000000   0.000000    -0.000000   0.000000    -0.491585   0.000000   )
 (  0.000000   0.000000    -0.000000   0.000000    -0.090005   0.000000   )
 ( -0.000000   0.000000    -0.000000   0.000000     0.090005   0.000000   )
 ( -0.000000   0.000000     0.000000   0.000000     0.015522   0.000000   )
 ( -0.000000   0.000000    -0.000000   0.000000    -0.015522   0.000000   )
 ( -0.000000   0.000000     0.000000   0.000000     0.002051   0.000000   )
 (  0.000000   0.000000     0.000000   0.000000    -0.002051   0.000000   )
 (  0.000000   0.000000     0.000000   0.000000     0.015522   0.000000   )
 ( -0.000000   0.000000     0.000000   0.000000    -0.015522   0.000000   )
 (  0.000000   0.000000     0.000000   0.000000    -0.090005   0.000000   )
 (  0.000000   0.000000    -0.000000   0.000000     0.090005   0.000000   )
 (  0.000000   0.000000    -0.000000   0.000000     0.491585   0.000000   )
 ( -0.000000   0.000000    -0.000000   0.000000    -0.491585   0.000000   )
     freq (   22) =      27.354551 [THz] =     912.449599 [cm-1]
 ( -0.000000   0.000000    -0.000000   0.000000     0.491081   0.000000   )
 (  0.000000   0.000000     0.000000   0.000000    -0.491081   0.000000   )
 ( -0.000000   0.000000    -0.000000   0.000000    -0.092270   0.000000   )
 (  0.000000   0.000000    -0.000000   0.000000     0.092270   0.000000   )
 (  0.000000   0.000000     0.000000   0.000000     0.018049   0.000000   )
 (  0.000000   0.000000     0.000000   0.000000    -0.018049   0.000000   )
 (  0.000000   0.000000     0.000000   0.000000    -0.000000   0.000000   )
 ( -0.000000   0.000000     0.000000   0.000000     0.000000   0.000000   )
 ( -0.000000   0.000000    -0.000000   0.000000    -0.018049   0.000000   )
 ( -0.000000   0.000000    -0.000000   0.000000     0.018049   0.000000   )
 ( -0.000000   0.000000     0.000000   0.000000     0.092270   0.000000   )
 (  0.000000   0.000000    -0.000000   0.000000    -0.092270   0.000000   )
 (  0.000000   0.000000    -0.000000   0.000000    -0.491081   0.000000   )
 ( -0.000000   0.000000    -0.000000   0.000000     0.491081   0.000000   )
     freq (   23) =      28.133607 [THz] =     938.436125 [cm-1]
 (  0.349870   0.000000     0.010905   0.000000     0.000000   0.000000   )
 (  0.349870   0.000000    -0.010905   0.000000    -0.000000   0.000000   )
 (  0.148635   0.000000    -0.106879   0.000000    -0.000000   0.000000   )
 (  0.148635   0.000000     0.106879   0.000000     0.000000   0.000000   )
 ( -0.302787   0.000000    -0.012524   0.000000    -0.000000   0.000000   )
 ( -0.302787   0.000000     0.012524   0.000000     0.000000   0.000000   )
 (  0.000000   0.000000     0.065115   0.000000     0.000000   0.000000   )
 (  0.000000   0.000000    -0.065115   0.000000    -0.000000   0.000000   )
 (  0.302787   0.000000    -0.012524   0.000000    -0.000000   0.000000   )
 (  0.302787   0.000000     0.012524   0.000000     0.000000   0.000000   )
 ( -0.148635   0.000000    -0.106879   0.000000     0.000000   0.000000   )
 ( -0.148635   0.000000     0.106879   0.000000     0.000000   0.000000   )
 ( -0.349870   0.000000     0.010905   0.000000    -0.000000   0.000000   )
 ( -0.349870   0.000000    -0.010905   0.000000     0.000000   0.000000   )
     freq (   24) =      32.340193 [THz] =    1078.752706 [cm-1]
 ( -0.395279   0.000000    -0.166160   0.000000    -0.000000   0.000000   )
 (  0.395279   0.000000    -0.166160   0.000000     0.000000   0.000000   )
 ( -0.054809   0.000000     0.026904   0.000000     0.000000   0.000000   )
 (  0.054809   0.000000     0.026904   0.000000    -0.000000   0.000000   )
 (  0.246800   0.000000    -0.029612   0.000000     0.000000   0.000000   )
 ( -0.246800   0.000000    -0.029612   0.000000    -0.000000   0.000000   )
 (  0.000000   0.000000     0.035507   0.000000    -0.000000   0.000000   )
 ( -0.000000   0.000000     0.035507   0.000000     0.000000   0.000000   )
 ( -0.246800   0.000000    -0.029612   0.000000     0.000000   0.000000   )
 (  0.246800   0.000000    -0.029612   0.000000    -0.000000   0.000000   )
 (  0.054809   0.000000     0.026904   0.000000     0.000000   0.000000   )
 ( -0.054809   0.000000     0.026904   0.000000     0.000000   0.000000   )
 (  0.395279   0.000000    -0.166160   0.000000    -0.000000   0.000000   )
 ( -0.395279   0.000000    -0.166160   0.000000     0.000000   0.000000   )
     freq (   25) =      32.561896 [THz] =    1086.147952 [cm-1]
 ( -0.325693   0.000000    -0.311934   0.000000    -0.000000   0.000000   )
 ( -0.325693   0.000000     0.311934   0.000000    -0.000000   0.000000   )
 (  0.014684   0.000000    -0.115440   0.000000     0.000000   0.000000   )
 (  0.014684   0.000000     0.115440   0.000000     0.000000   0.000000   )
 (  0.030724   0.000000     0.119984   0.000000     0.000000   0.000000   )
 (  0.030724   0.000000    -0.119984   0.000000     0.000000   0.000000   )
 (  0.000000   0.000000     0.188357   0.000000     0.000000   0.000000   )
 ( -0.000000   0.000000    -0.188357   0.000000     0.000000   0.000000   )
 ( -0.030724   0.000000     0.119984   0.000000     0.000000   0.000000   )
 ( -0.030724   0.000000    -0.119984   0.000000     0.000000   0.000000   )
 ( -0.014684   0.000000    -0.115440   0.000000     0.000000   0.000000   )
 ( -0.014684   0.000000     0.115440   0.000000     0.000000   0.000000   )
 (  0.325693   0.000000    -0.311934   0.000000     0.000000   0.000000   )
 (  0.325693   0.000000     0.311934   0.000000     0.000000   0.000000   )
     freq (   26) =      32.693220 [THz] =    1090.528432 [cm-1]
 (  0.381853   0.000000     0.042895   0.000000     0.000000   0.000000   )
 ( -0.381853   0.000000     0.042895   0.000000     0.000000   0.000000   )
 (  0.054731   0.000000    -0.136507   0.000000     0.000000   0.000000   )
 ( -0.054731   0.000000    -0.136507   0.000000     0.000000   0.000000   )
 ( -0.076756   0.000000     0.243844   0.000000    -0.000000   0.000000   )
 (  0.076756   0.000000     0.243844   0.000000    -0.000000   0.000000   )
 ( -0.175314   0.000000     0.000000   0.000000    -0.000000   0.000000   )
 (  0.175314   0.000000    -0.000000   0.000000     0.000000   0.000000   )
 ( -0.076756   0.000000    -0.243844   0.000000     0.000000   0.000000   )
 (  0.076756   0.000000    -0.243844   0.000000     0.000000   0.000000   )
 (  0.054731   0.000000     0.136507   0.000000    -0.000000   0.000000   )
 ( -0.054731   0.000000     0.136507   0.000000     0.000000   0.000000   )
 (  0.381853   0.000000    -0.042895   0.000000    -0.000000   0.000000   )
 ( -0.381853   0.000000    -0.042895   0.000000    -0.000000   0.000000   )
     freq (   27) =      34.278584 [THz] =    1143.410470 [cm-1]
 ( -0.400701   0.000000    -0.191952   0.000000     0.000000   0.000000   )
 ( -0.400701   0.000000     0.191952   0.000000     0.000000   0.000000   )
 ( -0.014948   0.000000     0.029467   0.000000    -0.000000   0.000000   )
 ( -0.014948   0.000000    -0.029467   0.000000     0.000000   0.000000   )
 (  0.152481   0.000000     0.081000   0.000000    -0.000000   0.000000   )
 (  0.152481   0.000000    -0.081000   0.000000     0.000000   0.000000   )
 ( -0.208277   0.000000    -0.000000   0.000000     0.000000   0.000000   )
 ( -0.208277   0.000000     0.000000   0.000000    -0.000000   0.000000   )
 (  0.152481   0.000000    -0.081000   0.000000    -0.000000   0.000000   )
 (  0.152481   0.000000     0.081000   0.000000    -0.000000   0.000000   )
 ( -0.014948   0.000000    -0.029467   0.000000     0.000000   0.000000   )
 ( -0.014948   0.000000     0.029467   0.000000     0.000000   0.000000   )
 ( -0.400701   0.000000     0.191952   0.000000    -0.000000   0.000000   )
 ( -0.400701   0.000000    -0.191952   0.000000     0.000000   0.000000   )
     freq (   28) =      37.465287 [THz] =    1249.707448 [cm-1]
 ( -0.413496   0.000000    -0.260622   0.000000    -0.000000   0.000000   )
 (  0.413496   0.000000    -0.260622   0.000000    -0.000000   0.000000   )
 ( -0.020125   0.000000    -0.032429   0.000000    -0.000000   0.000000   )
 (  0.020125   0.000000    -0.032429   0.000000    -0.000000   0.000000   )
 (  0.050421   0.000000     0.077370   0.000000    -0.000000   0.000000   )
 ( -0.050421   0.000000     0.077370   0.000000     0.000000   0.000000   )
 (  0.047154   0.000000     0.000000   0.000000    -0.000000   0.000000   )
 ( -0.047154   0.000000     0.000000   0.000000    -0.000000   0.000000   )
 (  0.050421   0.000000    -0.077370   0.000000    -0.000000   0.000000   )
 ( -0.050421   0.000000    -0.077370   0.000000     0.000000   0.000000   )
 ( -0.020125   0.000000     0.032429   0.000000    -0.000000   0.000000   )
 (  0.020125   0.000000     0.032429   0.000000    -0.000000   0.000000   )
 ( -0.413496   0.000000     0.260622   0.000000    -0.000000   0.000000   )
 (  0.413496   0.000000     0.260622   0.000000     0.000000   0.000000   )
     freq (   29) =      37.816174 [THz] =    1261.411796 [cm-1]
 ( -0.396738   0.000000    -0.181264   0.000000    -0.000000   0.000000   )
 (  0.396738   0.000000    -0.181264   0.000000    -0.000000   0.000000   )
 ( -0.012954   0.000000     0.035931   0.000000     0.000000   0.000000   )
 (  0.012954   0.000000     0.035931   0.000000     0.000000   0.000000   )
 ( -0.100729   0.000000    -0.061013   0.000000    -0.000000   0.000000   )
 (  0.100729   0.000000    -0.061013   0.000000     0.000000   0.000000   )
 ( -0.298041   0.000000     0.000000   0.000000    -0.000000   0.000000   )
 (  0.298041   0.000000     0.000000   0.000000    -0.000000   0.000000   )
 ( -0.100729   0.000000     0.061013   0.000000     0.000000   0.000000   )
 (  0.100729   0.000000     0.061013   0.000000     0.000000   0.000000   )
 ( -0.012954   0.000000    -0.035931   0.000000     0.000000   0.000000   )
 (  0.012954   0.000000    -0.035931   0.000000    -0.000000   0.000000   )
 ( -0.396738   0.000000     0.181264   0.000000     0.000000   0.000000   )
 (  0.396738   0.000000     0.181264   0.000000     0.000000   0.000000   )
     freq (   30) =      38.022950 [THz] =    1268.309084 [cm-1]
 ( -0.437509   0.000000    -0.207232   0.000000    -0.000000   0.000000   )
 (  0.437509   0.000000    -0.207232   0.000000     0.000000   0.000000   )
 ( -0.038769   0.000000     0.019117   0.000000     0.000000   0.000000   )
 (  0.038769   0.000000     0.019117   0.000000    -0.000000   0.000000   )
 ( -0.092307   0.000000    -0.043207   0.000000     0.000000   0.000000   )
 (  0.092307   0.000000    -0.043207   0.000000    -0.000000   0.000000   )
 (  0.000000   0.000000     0.082275   0.000000     0.000000   0.000000   )
 ( -0.000000   0.000000     0.082275   0.000000     0.000000   0.000000   )
 (  0.092307   0.000000    -0.043207   0.000000     0.000000   0.000000   )
 ( -0.092307   0.000000    -0.043207   0.000000     0.000000   0.000000   )
 (  0.038769   0.000000     0.019117   0.000000    -0.000000   0.000000   )
 ( -0.038769   0.000000     0.019117   0.000000    -0.000000   0.000000   )
 (  0.437509   0.000000    -0.207232   0.000000    -0.000000   0.000000   )
 ( -0.437509   0.000000    -0.207232   0.000000    -0.000000   0.000000   )
     freq (   31) =      39.601834 [THz] =    1320.975002 [cm-1]
 (  0.347151   0.000000     0.257809   0.000000     0.000000   0.000000   )
 ( -0.347151   0.000000     0.257809   0.000000    -0.000000   0.000000   )
 ( -0.008362   0.000000     0.050323   0.000000     0.000000   0.000000   )
 (  0.008362   0.000000     0.050323   0.000000    -0.000000   0.000000   )
 (  0.015292   0.000000    -0.185531   0.000000     0.000000   0.000000   )
 ( -0.015292   0.000000    -0.185531   0.000000     0.000000   0.000000   )
 (  0.000000   0.000000     0.226993   0.000000     0.000000   0.000000   )
 (  0.000000   0.000000     0.226993   0.000000    -0.000000   0.000000   )
 ( -0.015292   0.000000    -0.185531   0.000000     0.000000   0.000000   )
 (  0.015292   0.000000    -0.185531   0.000000     0.000000   0.000000   )
 (  0.008362   0.000000     0.050323   0.000000     0.000000   0.000000   )
 ( -0.008362   0.000000     0.050323   0.000000     0.000000   0.000000   )
 ( -0.347151   0.000000     0.257809   0.000000    -0.000000   0.000000   )
 (  0.347151   0.000000     0.257809   0.000000     0.000000   0.000000   )
     freq (   32) =      40.501664 [THz] =    1350.990093 [cm-1]
 ( -0.391589   0.000000    -0.245377   0.000000     0.000000   0.000000   )
 ( -0.391589   0.000000     0.245377   0.000000     0.000000   0.000000   )
 (  0.064210   0.000000     0.008869   0.000000     0.000000   0.000000   )
 (  0.064210   0.000000    -0.008869   0.000000     0.000000   0.000000   )
 ( -0.092103   0.000000     0.127688   0.000000    -0.000000   0.000000   )
 ( -0.092103   0.000000    -0.127688   0.000000    -0.000000   0.000000   )
 (  0.122148   0.000000    -0.000000   0.000000    -0.000000   0.000000   )
 (  0.122148   0.000000     0.000000   0.000000     0.000000   0.000000   )
 ( -0.092103   0.000000    -0.127688   0.000000    -0.000000   0.000000   )
 ( -0.092103   0.000000     0.127688   0.000000     0.000000   0.000000   )
 (  0.064210   0.000000    -0.008869   0.000000     0.000000   0.000000   )
 (  0.064210   0.000000     0.008869   0.000000     0.000000   0.000000   )
 ( -0.391589   0.000000     0.245377   0.000000    -0.000000   0.000000   )
 ( -0.391589   0.000000    -0.245377   0.000000    -0.000000   0.000000   )
     freq (   33) =      40.939058 [THz] =    1365.579996 [cm-1]
 ( -0.443902   0.000000    -0.188511   0.000000    -0.000000   0.000000   )
 ( -0.443902   0.000000     0.188511   0.000000    -0.000000   0.000000   )
 (  0.069720   0.000000     0.096907   0.000000    -0.000000   0.000000   )
 (  0.069720   0.000000    -0.096907   0.000000    -0.000000   0.000000   )
 ( -0.046935   0.000000    -0.016236   0.000000     0.000000   0.000000   )
 ( -0.046935   0.000000     0.016236   0.000000     0.000000   0.000000   )
 ( -0.000000   0.000000    -0.037309   0.000000     0.000000   0.000000   )
 ( -0.000000   0.000000     0.037309   0.000000    -0.000000   0.000000   )
 (  0.046935   0.000000    -0.016236   0.000000     0.000000   0.000000   )
 (  0.046935   0.000000     0.016236   0.000000     0.000000   0.000000   )
 ( -0.069720   0.000000     0.096907   0.000000     0.000000   0.000000   )
 ( -0.069720   0.000000    -0.096907   0.000000     0.000000   0.000000   )
 (  0.443902   0.000000    -0.188511   0.000000    -0.000000   0.000000   )
 (  0.443902   0.000000     0.188511   0.000000    -0.000000   0.000000   )
     freq (   34) =      42.181223 [THz] =    1407.014132 [cm-1]
 ( -0.412143   0.000000    -0.114969   0.000000     0.000000   0.000000   )
 ( -0.412143   0.000000     0.114969   0.000000     0.000000   0.000000   )
 (  0.074978   0.000000     0.153919   0.000000    -0.000000   0.000000   )
 (  0.074978   0.000000    -0.153919   0.000000    -0.000000   0.000000   )
 ( -0.034064   0.000000    -0.190635   0.000000     0.000000   0.000000   )
 ( -0.034064   0.000000     0.190635   0.000000     0.000000   0.000000   )
 ( -0.014504   0.000000     0.000000   0.000000     0.000000   0.000000   )
 ( -0.014504   0.000000    -0.000000   0.000000     0.000000   0.000000   )
 ( -0.034064   0.000000     0.190635   0.000000    -0.000000   0.000000   )
 ( -0.034064   0.000000    -0.190635   0.000000     0.000000   0.000000   )
 (  0.074978   0.000000    -0.153919   0.000000    -0.000000   0.000000   )
 (  0.074978   0.000000     0.153919   0.000000    -0.000000   0.000000   )
 ( -0.412143   0.000000     0.114969   0.000000     0.000000   0.000000   )
 ( -0.412143   0.000000    -0.114969   0.000000    -0.000000   0.000000   )
     freq (   35) =      44.050191 [THz] =    1469.356222 [cm-1]
 (  0.102324   0.000000    -0.121981   0.000000     0.000000   0.000000   )
 ( -0.102324   0.000000    -0.121981   0.000000    -0.000000   0.000000   )
 (  0.291532   0.000000     0.009567   0.000000    -0.000000   0.000000   )
 ( -0.291532   0.000000     0.009567   0.000000    -0.000000   0.000000   )
 (  0.330364   0.000000    -0.052330   0.000000     0.000000   0.000000   )
 ( -0.330364   0.000000    -0.052330   0.000000     0.000000   0.000000   )
 ( -0.235327   0.000000    -0.000000   0.000000    -0.000000   0.000000   )
 (  0.235327   0.000000     0.000000   0.000000     0.000000   0.000000   )
 (  0.330364   0.000000     0.052330   0.000000    -0.000000   0.000000   )
 ( -0.330364   0.000000     0.052330   0.000000     0.000000   0.000000   )
 (  0.291532   0.000000    -0.009567   0.000000    -0.000000   0.000000   )
 ( -0.291532   0.000000    -0.009567   0.000000     0.000000   0.000000   )
 (  0.102324   0.000000     0.121981   0.000000    -0.000000   0.000000   )
 ( -0.102324   0.000000     0.121981   0.000000     0.000000   0.000000   )
     freq (   36) =      44.899555 [THz] =    1497.687934 [cm-1]
 (  0.004300   0.000000    -0.061379   0.000000     0.000000   0.000000   )
 (  0.004300   0.000000     0.061379   0.000000    -0.000000   0.000000   )
 ( -0.002782   0.000000    -0.070529   0.000000     0.000000   0.000000   )
 ( -0.002782   0.000000     0.070529   0.000000    -0.000000   0.000000   )
 ( -0.044677   0.000000     0.331122   0.000000    -0.000000   0.000000   )
 ( -0.044677   0.000000    -0.331122   0.000000     0.000000   0.000000   )
 (  0.000000   0.000000    -0.509105   0.000000     0.000000   0.000000   )
 ( -0.000000   0.000000     0.509105   0.000000     0.000000   0.000000   )
 (  0.044677   0.000000     0.331122   0.000000    -0.000000   0.000000   )
 (  0.044677   0.000000    -0.331122   0.000000     0.000000   0.000000   )
 (  0.002782   0.000000    -0.070529   0.000000     0.000000   0.000000   )
 (  0.002782   0.000000     0.070529   0.000000    -0.000000   0.000000   )
 ( -0.004300   0.000000    -0.061379   0.000000     0.000000   0.000000   )
 ( -0.004300   0.000000     0.061379   0.000000    -0.000000   0.000000   )
     freq (   37) =      46.441400 [THz] =    1549.118359 [cm-1]
 (  0.177512   0.000000     0.299409   0.000000     0.000000   0.000000   )
 ( -0.177512   0.000000     0.299409   0.000000    -0.000000   0.000000   )
 ( -0.352807   0.000000    -0.031388   0.000000    -0.000000   0.000000   )
 (  0.352807   0.000000    -0.031388   0.000000    -0.000000   0.000000   )
 ( -0.026075   0.000000     0.033844   0.000000    -0.000000   0.000000   )
 (  0.026075   0.000000     0.033844   0.000000    -0.000000   0.000000   )
 ( -0.000000   0.000000    -0.055874   0.000000    -0.000000   0.000000   )
 (  0.000000   0.000000    -0.055874   0.000000     0.000000   0.000000   )
 (  0.026075   0.000000     0.033844   0.000000     0.000000   0.000000   )
 ( -0.026075   0.000000     0.033844   0.000000    -0.000000   0.000000   )
 (  0.352807   0.000000    -0.031388   0.000000    -0.000000   0.000000   )
 ( -0.352807   0.000000    -0.031388   0.000000     0.000000   0.000000   )
 ( -0.177512   0.000000     0.299409   0.000000    -0.000000   0.000000   )
 (  0.177512   0.000000     0.299409   0.000000    -0.000000   0.000000   )
     freq (   38) =      49.685894 [THz] =    1657.343030 [cm-1]
 ( -0.206000   0.000000    -0.255582   0.000000     0.000000   0.000000   )
 (  0.206000   0.000000    -0.255582   0.000000    -0.000000   0.000000   )
 (  0.290964   0.000000     0.047607   0.000000     0.000000   0.000000   )
 ( -0.290964   0.000000     0.047607   0.000000    -0.000000   0.000000   )
 ( -0.193393   0.000000    -0.000644   0.000000    -0.000000   0.000000   )
 (  0.193393   0.000000    -0.000644   0.000000     0.000000   0.000000   )
 (  0.189282   0.000000    -0.000000   0.000000     0.000000   0.000000   )
 ( -0.189282   0.000000     0.000000   0.000000     0.000000   0.000000   )
 ( -0.193393   0.000000     0.000644   0.000000     0.000000   0.000000   )
 (  0.193393   0.000000     0.000644   0.000000    -0.000000   0.000000   )
 (  0.290964   0.000000    -0.047607   0.000000     0.000000   0.000000   )
 ( -0.290964   0.000000    -0.047607   0.000000     0.000000   0.000000   )
 ( -0.206000   0.000000     0.255582   0.000000    -0.000000   0.000000   )
 (  0.206000   0.000000     0.255582   0.000000     0.000000   0.000000   )
     freq (   39) =      96.010387 [THz] =    3202.561803 [cm-1]
 ( -0.244374   0.000000     0.434174   0.000000     0.000000   0.000000   )
 ( -0.244374   0.000000    -0.434174   0.000000    -0.000000   0.000000   )
 (  0.020096   0.000000    -0.037015   0.000000     0.000000   0.000000   )
 (  0.020096   0.000000     0.037015   0.000000    -0.000000   0.000000   )
 (  0.000642   0.000000     0.000098   0.000000     0.000000   0.000000   )
 (  0.000642   0.000000    -0.000098   0.000000    -0.000000   0.000000   )
 ( -0.000000   0.000000     0.000919   0.000000    -0.000000   0.000000   )
 ( -0.000000   0.000000    -0.000919   0.000000     0.000000   0.000000   )
 ( -0.000642   0.000000     0.000098   0.000000    -0.000000   0.000000   )
 ( -0.000642   0.000000    -0.000098   0.000000    -0.000000   0.000000   )
 ( -0.020096   0.000000    -0.037015   0.000000    -0.000000   0.000000   )
 ( -0.020096   0.000000     0.037015   0.000000    -0.000000   0.000000   )
 (  0.244374   0.000000     0.434174   0.000000     0.000000   0.000000   )
 (  0.244374   0.000000    -0.434174   0.000000     0.000000   0.000000   )
     freq (   40) =      96.022421 [THz] =    3202.963212 [cm-1]
 ( -0.244251   0.000000     0.434253   0.000000     0.000000   0.000000   )
 ( -0.244251   0.000000    -0.434253   0.000000     0.000000   0.000000   )
 (  0.020053   0.000000    -0.036912   0.000000    -0.000000   0.000000   )
 (  0.020053   0.000000     0.036912   0.000000     0.000000   0.000000   )
 (  0.000648   0.000000     0.000321   0.000000    -0.000000   0.000000   )
 (  0.000648   0.000000    -0.000321   0.000000    -0.000000   0.000000   )
 ( -0.000427   0.000000    -0.000000   0.000000     0.000000   0.000000   )
 ( -0.000427   0.000000     0.000000   0.000000    -0.000000   0.000000   )
 (  0.000648   0.000000    -0.000321   0.000000     0.000000   0.000000   )
 (  0.000648   0.000000     0.000321   0.000000     0.000000   0.000000   )
 (  0.020053   0.000000     0.036912   0.000000     0.000000   0.000000   )
 (  0.020053   0.000000    -0.036912   0.000000     0.000000   0.000000   )
 ( -0.244251   0.000000    -0.434253   0.000000     0.000000   0.000000   )
 ( -0.244251   0.000000     0.434253   0.000000    -0.000000   0.000000   )
     freq (   41) =      97.249790 [THz] =    3243.903828 [cm-1]
 ( -0.248883   0.000000     0.431438   0.000000    -0.000000   0.000000   )
 (  0.248883   0.000000     0.431438   0.000000    -0.000000   0.000000   )
 (  0.023496   0.000000    -0.036958   0.000000    -0.000000   0.000000   )
 ( -0.023496   0.000000    -0.036958   0.000000     0.000000   0.000000   )
 (  0.000192   0.000000     0.000471   0.000000    -0.000000   0.000000   )
 ( -0.000192   0.000000     0.000471   0.000000     0.000000   0.000000   )
 (  0.000000   0.000000     0.000505   0.000000    -0.000000   0.000000   )
 ( -0.000000   0.000000     0.000505   0.000000     0.000000   0.000000   )
 ( -0.000192   0.000000     0.000471   0.000000     0.000000   0.000000   )
 (  0.000192   0.000000     0.000471   0.000000    -0.000000   0.000000   )
 ( -0.023496   0.000000    -0.036958   0.000000    -0.000000   0.000000   )
 (  0.023496   0.000000    -0.036958   0.000000     0.000000   0.000000   )
 (  0.248883   0.000000     0.431438   0.000000     0.000000   0.000000   )
 ( -0.248883   0.000000     0.431438   0.000000    -0.000000   0.000000   )
     freq (   42) =      97.259484 [THz] =    3244.227168 [cm-1]
 (  0.248919   0.000000    -0.431420   0.000000    -0.000000   0.000000   )
 ( -0.248919   0.000000    -0.431420   0.000000     0.000000   0.000000   )
 ( -0.023333   0.000000     0.037030   0.000000    -0.000000   0.000000   )
 (  0.023333   0.000000     0.037030   0.000000     0.000000   0.000000   )
 ( -0.000440   0.000000    -0.000548   0.000000     0.000000   0.000000   )
 (  0.000440   0.000000    -0.000548   0.000000     0.000000   0.000000   )
 ( -0.000096   0.000000     0.000000   0.000000    -0.000000   0.000000   )
 (  0.000096   0.000000     0.000000   0.000000     0.000000   0.000000   )
 ( -0.000440   0.000000     0.000548   0.000000    -0.000000   0.000000   )
 (  0.000440   0.000000     0.000548   0.000000     0.000000   0.000000   )
 ( -0.023333   0.000000    -0.037030   0.000000     0.000000   0.000000   )
 (  0.023333   0.000000    -0.037030   0.000000    -0.000000   0.000000   )
 (  0.248919   0.000000     0.431420   0.000000    -0.000000   0.000000   )
 ( -0.248919   0.000000     0.431420   0.000000     0.000000   0.000000   )
 **************************************************************************
