     diagonalizing the dynamical matrix ...

 q =       0.0000      0.0000      0.0000
 **************************************************************************
     freq (    1) =      -1.644161 [THz] =     -54.843304 [cm-1]
 ( -0.000000   0.000000     0.000000   0.000000     0.221296   0.000000   )
 ( -0.000000   0.000000     0.000000   0.000000     0.221296   0.000000   )
 ( -0.000000   0.000000     0.000000   0.000000     0.229991   0.000000   )
 ( -0.000000   0.000000     0.000000   0.000000     0.229991   0.000000   )
 ( -0.000000   0.000000     0.000000   0.000000     0.236596   0.000000   )
 ( -0.000000   0.000000     0.000000   0.000000     0.236596   0.000000   )
 ( -0.000000   0.000000     0.000000   0.000000     0.245311   0.000000   )
 ( -0.000000   0.000000     0.000000   0.000000     0.245311   0.000000   )
 ( -0.000000   0.000000     0.000000   0.000000     0.252892   0.000000   )
 ( -0.000000   0.000000     0.000000   0.000000     0.252892   0.000000   )
 ( -0.000000   0.000000     0.000000   0.000000     0.245311   0.000000   )
 ( -0.000000   0.000000     0.000000   0.000000     0.245311   0.000000   )
 ( -0.000000   0.000000     0.000000   0.000000     0.236596   0.000000   )
 ( -0.000000   0.000000     0.000000   0.000000     0.236596   0.000000   )
 ( -0.000000   0.000000     0.000000   0.000000     0.229991   0.000000   )
 ( -0.000000   0.000000     0.000000   0.000000     0.229991   0.000000   )
 ( -0.000000   0.000000     0.000000   0.000000     0.221296   0.000000   )
 ( -0.000000   0.000000     0.000000   0.000000     0.221296   0.000000   )
     freq (    2) =      -1.199740 [THz] =     -40.019009 [cm-1]
 ( -0.000000   0.000000     0.000000   0.000000     0.359974   0.000000   )
 ( -0.000000   0.000000     0.000000   0.000000     0.359974   0.000000   )
 ( -0.000000   0.000000     0.000000   0.000000     0.280468   0.000000   )
 ( -0.000000   0.000000     0.000000   0.000000     0.280468   0.000000   )
 ( -0.000000   0.000000     0.000000   0.000000     0.182651   0.000000   )
 ( -0.000000   0.000000     0.000000   0.000000     0.182651   0.000000   )
 ( -0.000000   0.000000     0.000000   0.000000     0.091622   0.000000   )
 ( -0.000000   0.000000     0.000000   0.000000     0.091622   0.000000   )
 ( -0.000000   0.000000     0.000000   0.000000    -0.000000   0.000000   )
 ( -0.000000   0.000000     0.000000   0.000000    -0.000000   0.000000   )
 ( -0.000000   0.000000     0.000000   0.000000    -0.091622   0.000000   )
 ( -0.000000   0.000000     0.000000   0.000000    -0.091622   0.000000   )
 ( -0.000000   0.000000     0.000000   0.000000    -0.182651   0.000000   )
 ( -0.000000   0.000000     0.000000   0.000000    -0.182651   0.000000   )
 ( -0.000000   0.000000     0.000000   0.000000    -0.280468   0.000000   )
 ( -0.000000   0.000000     0.000000   0.000000    -0.280468   0.000000   )
 ( -0.000000   0.000000     0.000000   0.000000    -0.359974   0.000000   )
 ( -0.000000   0.000000     0.000000   0.000000    -0.359974   0.000000   )
     freq (    3) =       1.464353 [THz] =      48.845564 [cm-1]
 ( -0.002121   0.000000     0.232876   0.000000    -0.000000   0.000000   )
 (  0.002121   0.000000     0.232876   0.000000    -0.000000   0.000000   )
 ( -0.001017   0.000000     0.232266   0.000000    -0.000000   0.000000   )
 (  0.001017   0.000000     0.232266   0.000000    -0.000000   0.000000   )
 (  0.000467   0.000000     0.236276   0.000000    -0.000000   0.000000   )
 ( -0.000467   0.000000     0.236276   0.000000    -0.000000   0.000000   )
 ( -0.000557   0.000000     0.238656   0.000000    -0.000000   0.000000   )
 (  0.000557   0.000000     0.238656   0.000000    -0.000000   0.000000   )
 (  0.000000   0.000000     0.240966   0.000000    -0.000000   0.000000   )
 (  0.000000   0.000000     0.240966   0.000000    -0.000000   0.000000   )
 (  0.000557   0.000000     0.238656   0.000000    -0.000000   0.000000   )
 ( -0.000557   0.000000     0.238656   0.000000     0.000000   0.000000   )
 ( -0.000467   0.000000     0.236276   0.000000     0.000000   0.000000   )
 (  0.000467   0.000000     0.236276   0.000000     0.000000   0.000000   )
 (  0.001017   0.000000     0.232266   0.000000     0.000000   0.000000   )
 ( -0.001017   0.000000     0.232266   0.000000     0.000000   0.000000   )
 (  0.002121   0.000000     0.232876   0.000000     0.000000   0.000000   )
 ( -0.002121   0.000000     0.232876   0.000000     0.000000   0.000000   )
     freq (    4) =       2.014967 [THz] =      67.212062 [cm-1]
 (  0.243986   0.000000    -0.004917   0.000000     0.000000   0.000000   )
 (  0.243986   0.000000     0.004917   0.000000     0.000000   0.000000   )
 (  0.241080   0.000000    -0.003275   0.000000     0.000000   0.000000   )
 (  0.241080   0.000000     0.003275   0.000000     0.000000   0.000000   )
 (  0.234798   0.000000    -0.002540   0.000000     0.000000   0.000000   )
 (  0.234798   0.000000     0.002540   0.000000     0.000000   0.000000   )
 (  0.228181   0.000000    -0.000669   0.000000     0.000000   0.000000   )
 (  0.228181   0.000000     0.000669   0.000000     0.000000   0.000000   )
 (  0.224110   0.000000    -0.000000   0.000000     0.000000   0.000000   )
 (  0.224110   0.000000    -0.000000   0.000000     0.000000   0.000000   )
 (  0.228181   0.000000     0.000669   0.000000     0.000000   0.000000   )
 (  0.228181   0.000000    -0.000669   0.000000     0.000000   0.000000   )
 (  0.234798   0.000000     0.002540   0.000000     0.000000   0.000000   )
 (  0.234798   0.000000    -0.002540   0.000000     0.000000   0.000000   )
 (  0.241080   0.000000     0.003275   0.000000     0.000000   0.000000   )
 (  0.241080   0.000000    -0.003275   0.000000     0.000000   0.000000   )
 (  0.243986   0.000000     0.004917   0.000000     0.000000   0.000000   )
 (  0.243986   0.000000    -0.004917   0.000000     0.000000   0.000000   )
     freq (    5) =       2.790877 [THz] =      93.093643 [cm-1]
 (  0.000000   0.000000     0.000000   0.000000    -0.390958   0.000000   )
 (  0.000000   0.000000     0.000000   0.000000    -0.390958   0.000000   )
 (  0.000000   0.000000     0.000000   0.000000    -0.226066   0.000000   )
 (  0.000000   0.000000     0.000000   0.000000    -0.226066   0.000000   )
 (  0.000000   0.000000     0.000000   0.000000    -0.019092   0.000000   )
 (  0.000000   0.000000     0.000000   0.000000    -0.019092   0.000000   )
 (  0.000000   0.000000     0.000000   0.000000     0.146546   0.000000   )
 (  0.000000   0.000000     0.000000   0.000000     0.146546   0.000000   )
 (  0.000000   0.000000     0.000000   0.000000     0.220025   0.000000   )
 (  0.000000   0.000000     0.000000   0.000000     0.220025   0.000000   )
 (  0.000000   0.000000     0.000000   0.000000     0.146546   0.000000   )
 (  0.000000   0.000000     0.000000   0.000000     0.146546   0.000000   )
 (  0.000000   0.000000     0.000000   0.000000    -0.019092   0.000000   )
 (  0.000000   0.000000     0.000000   0.000000    -0.019092   0.000000   )
 (  0.000000   0.000000     0.000000   0.000000    -0.226066   0.000000   )
 (  0.000000   0.000000     0.000000   0.000000    -0.226066   0.000000   )
 (  0.000000   0.000000     0.000000   0.000000    -0.390958   0.000000   )
 (  0.000000   0.000000     0.000000   0.000000    -0.390958   0.000000   )
     freq (    6) =       7.340711 [THz] =     244.859771 [cm-1]
 (  0.000000   0.000000    -0.000000   0.000000    -0.398830   0.000000   )
 (  0.000000   0.000000     0.000000   0.000000    -0.398830   0.000000   )
 (  0.000000   0.000000     0.000000   0.000000    -0.133815   0.000000   )
 (  0.000000   0.000000     0.000000   0.000000    -0.133815   0.000000   )
 (  0.000000   0.000000     0.000000   0.000000     0.163513   0.000000   )
 (  0.000000   0.000000     0.000000   0.000000     0.163513   0.000000   )
 (  0.000000   0.000000     0.000000   0.000000     0.215155   0.000000   )
 (  0.000000   0.000000     0.000000   0.000000     0.215155   0.000000   )
 (  0.000000   0.000000    -0.000000   0.000000    -0.000000   0.000000   )
 (  0.000000   0.000000     0.000000   0.000000    -0.000000   0.000000   )
 ( -0.000000   0.000000     0.000000   0.000000    -0.215155   0.000000   )
 ( -0.000000   0.000000    -0.000000   0.000000    -0.215155   0.000000   )
 ( -0.000000   0.000000    -0.000000   0.000000    -0.163513   0.000000   )
 ( -0.000000   0.000000     0.000000   0.000000    -0.163513   0.000000   )
 ( -0.000000   0.000000    -0.000000   0.000000     0.133815   0.000000   )
 ( -0.000000   0.000000     0.000000   0.000000     0.133815   0.000000   )
 ( -0.000000   0.000000    -0.000000   0.000000     0.398830   0.000000   )
 ( -0.000000   0.000000     0.000000   0.000000     0.398830   0.000000   )
     freq (    7) =       7.694422 [THz] =     256.658281 [cm-1]
 ( -0.314505   0.000000     0.026130   0.000000    -0.000000   0.000000   )
 ( -0.314505   0.000000    -0.026130   0.000000    -0.000000   0.000000   )
 ( -0.287294   0.000000     0.010515   0.000000    -0.000000   0.000000   )
 ( -0.287294   0.000000    -0.010515   0.000000    -0.000000   0.000000   )
 ( -0.226175   0.000000     0.016666   0.000000     0.000000   0.000000   )
 ( -0.226175   0.000000    -0.016666   0.000000     0.000000   0.000000   )
 ( -0.127363   0.000000    -0.003590   0.000000     0.000000   0.000000   )
 ( -0.127363   0.000000     0.003590   0.000000     0.000000   0.000000   )
 ( -0.000000   0.000000     0.013306   0.000000     0.000000   0.000000   )
 ( -0.000000   0.000000    -0.013306   0.000000     0.000000   0.000000   )
 (  0.127363   0.000000    -0.003590   0.000000    -0.000000   0.000000   )
 (  0.127363   0.000000     0.003590   0.000000    -0.000000   0.000000   )
 (  0.226175   0.000000     0.016666   0.000000    -0.000000   0.000000   )
 (  0.226175   0.000000    -0.016666   0.000000    -0.000000   0.000000   )
 (  0.287294   0.000000     0.010515   0.000000     0.000000   0.000000   )
 (  0.287294   0.000000    -0.010515   0.000000     0.000000   0.000000   )
 (  0.314505   0.000000     0.026130   0.000000     0.000000   0.000000   )
 (  0.314505   0.000000    -0.026130   0.000000     0.000000   0.000000   )
     freq (    8) =      11.023304 [THz] =     367.697837 [cm-1]
 ( -0.000000   0.000000    -0.000000   0.000000    -0.436351   0.000000   )
 ( -0.000000   0.000000    -0.000000   0.000000     0.436351   0.000000   )
 ( -0.000000   0.000000    -0.000000   0.000000    -0.213564   0.000000   )
 ( -0.000000   0.000000    -0.000000   0.000000     0.213564   0.000000   )
 ( -0.000000   0.000000    -0.000000   0.000000    -0.114833   0.000000   )
 ( -0.000000   0.000000    -0.000000   0.000000     0.114833   0.000000   )
 (  0.000000   0.000000    -0.000000   0.000000    -0.003849   0.000000   )
 (  0.000000   0.000000    -0.000000   0.000000     0.003849   0.000000   )
 (  0.000000   0.000000     0.000000   0.000000     0.039681   0.000000   )
 (  0.000000   0.000000     0.000000   0.000000    -0.039681   0.000000   )
 (  0.000000   0.000000     0.000000   0.000000    -0.003849   0.000000   )
 (  0.000000   0.000000     0.000000   0.000000     0.003849   0.000000   )
 (  0.000000   0.000000     0.000000   0.000000    -0.114833   0.000000   )
 (  0.000000   0.000000     0.000000   0.000000     0.114833   0.000000   )
 (  0.000000   0.000000     0.000000   0.000000    -0.213564   0.000000   )
 (  0.000000   0.000000     0.000000   0.000000     0.213564   0.000000   )
 (  0.000000   0.000000     0.000000   0.000000    -0.436351   0.000000   )
 (  0.000000   0.000000     0.000000   0.000000     0.436351   0.000000   )
     freq (    9) =      11.146456 [THz] =     371.805760 [cm-1]
 (  0.000000   0.000000     0.000000   0.000000    -0.427677   0.000000   )
 ( -0.000000   0.000000     0.000000   0.000000     0.427677   0.000000   )
 (  0.000000   0.000000     0.000000   0.000000    -0.215871   0.000000   )
 ( -0.000000   0.000000     0.000000   0.000000     0.215871   0.000000   )
 ( -0.000000   0.000000     0.000000   0.000000    -0.135401   0.000000   )
 (  0.000000   0.000000     0.000000   0.000000     0.135401   0.000000   )
 (  0.000000   0.000000     0.000000   0.000000    -0.046462   0.000000   )
 ( -0.000000   0.000000     0.000000   0.000000     0.046462   0.000000   )
 ( -0.000000   0.000000     0.000000   0.000000    -0.000000   0.000000   )
 (  0.000000   0.000000     0.000000   0.000000     0.000000   0.000000   )
 (  0.000000   0.000000    -0.000000   0.000000     0.046462   0.000000   )
 ( -0.000000   0.000000    -0.000000   0.000000    -0.046462   0.000000   )
 ( -0.000000   0.000000    -0.000000   0.000000     0.135401   0.000000   )
 ( -0.000000   0.000000    -0.000000   0.000000    -0.135401   0.000000   )
 ( -0.000000   0.000000    -0.000000   0.000000     0.215871   0.000000   )
 (  0.000000   0.000000    -0.000000   0.000000    -0.215871   0.000000   )
 (  0.000000   0.000000    -0.000000   0.000000     0.427677   0.000000   )
 (  0.000000   0.000000    -0.000000   0.000000    -0.427677   0.000000   )
     freq (   10) =      11.699858 [THz] =     390.265260 [cm-1]
 (  0.000000   0.000000     0.000000   0.000000     0.398296   0.000000   )
 ( -0.000000   0.000000     0.000000   0.000000     0.398296   0.000000   )
 (  0.000000   0.000000     0.000000   0.000000     0.078443   0.000000   )
 (  0.000000   0.000000     0.000000   0.000000     0.078443   0.000000   )
 ( -0.000000   0.000000     0.000000   0.000000    -0.233507   0.000000   )
 (  0.000000   0.000000     0.000000   0.000000    -0.233507   0.000000   )
 (  0.000000   0.000000     0.000000   0.000000    -0.006092   0.000000   )
 ( -0.000000   0.000000     0.000000   0.000000    -0.006092   0.000000   )
 ( -0.000000   0.000000     0.000000   0.000000     0.247565   0.000000   )
 (  0.000000   0.000000    -0.000000   0.000000     0.247565   0.000000   )
 (  0.000000   0.000000    -0.000000   0.000000    -0.006092   0.000000   )
 ( -0.000000   0.000000    -0.000000   0.000000    -0.006092   0.000000   )
 ( -0.000000   0.000000    -0.000000   0.000000    -0.233507   0.000000   )
 (  0.000000   0.000000    -0.000000   0.000000    -0.233507   0.000000   )
 (  0.000000   0.000000    -0.000000   0.000000     0.078443   0.000000   )
 (  0.000000   0.000000    -0.000000   0.000000     0.078443   0.000000   )
 ( -0.000000   0.000000    -0.000000   0.000000     0.398296   0.000000   )
 (  0.000000   0.000000    -0.000000   0.000000     0.398296   0.000000   )
     freq (   11) =      11.992693 [THz] =     400.033195 [cm-1]
 ( -0.025877   0.000000    -0.285669   0.000000     0.000000   0.000000   )
 (  0.025877   0.000000    -0.285669   0.000000     0.000000   0.000000   )
 ( -0.003279   0.000000    -0.296364   0.000000    -0.000000   0.000000   )
 (  0.003279   0.000000    -0.296364   0.000000     0.000000   0.000000   )
 (  0.017127   0.000000    -0.241271   0.000000    -0.000000   0.000000   )
 ( -0.017127   0.000000    -0.241271   0.000000    -0.000000   0.000000   )
 ( -0.014319   0.000000    -0.145262   0.000000    -0.000000   0.000000   )
 (  0.014319   0.000000    -0.145262   0.000000     0.000000   0.000000   )
 (  0.011824   0.000000    -0.000000   0.000000     0.000000   0.000000   )
 ( -0.011824   0.000000    -0.000000   0.000000     0.000000   0.000000   )
 ( -0.014319   0.000000     0.145262   0.000000    -0.000000   0.000000   )
 (  0.014319   0.000000     0.145262   0.000000     0.000000   0.000000   )
 (  0.017127   0.000000     0.241271   0.000000    -0.000000   0.000000   )
 ( -0.017127   0.000000     0.241271   0.000000    -0.000000   0.000000   )
 ( -0.003279   0.000000     0.296364   0.000000     0.000000   0.000000   )
 (  0.003279   0.000000     0.296364   0.000000    -0.000000   0.000000   )
 ( -0.025877   0.000000     0.285669   0.000000     0.000000   0.000000   )
 (  0.025877   0.000000     0.285669   0.000000     0.000000   0.000000   )
     freq (   12) =      14.130516 [THz] =     471.343262 [cm-1]
 (  0.000000   0.000000     0.000000   0.000000     0.178102   0.000000   )
 (  0.000000   0.000000     0.000000   0.000000    -0.178102   0.000000   )
 (  0.000000   0.000000     0.000000   0.000000     0.024970   0.000000   )
 ( -0.000000   0.000000     0.000000   0.000000    -0.024970   0.000000   )
 ( -0.000000   0.000000     0.000000   0.000000    -0.160536   0.000000   )
 (  0.000000   0.000000     0.000000   0.000000     0.160536   0.000000   )
 (  0.000000   0.000000     0.000000   0.000000    -0.336325   0.000000   )
 ( -0.000000   0.000000    -0.000000   0.000000     0.336325   0.000000   )
 ( -0.000000   0.000000    -0.000000   0.000000    -0.396913   0.000000   )
 ( -0.000000   0.000000    -0.000000   0.000000     0.396913   0.000000   )
 (  0.000000   0.000000    -0.000000   0.000000    -0.336325   0.000000   )
 (  0.000000   0.000000    -0.000000   0.000000     0.336325   0.000000   )
 (  0.000000   0.000000    -0.000000   0.000000    -0.160536   0.000000   )
 (  0.000000   0.000000    -0.000000   0.000000     0.160536   0.000000   )
 (  0.000000   0.000000    -0.000000   0.000000     0.024970   0.000000   )
 (  0.000000   0.000000    -0.000000   0.000000    -0.024970   0.000000   )
 (  0.000000   0.000000    -0.000000   0.000000     0.178102   0.000000   )
 (  0.000000   0.000000    -0.000000   0.000000    -0.178102   0.000000   )
     freq (   13) =      15.275560 [THz] =     509.537838 [cm-1]
 ( -0.000000   0.000000     0.000000   0.000000     0.348237   0.000000   )
 ( -0.000000   0.000000    -0.000000   0.000000     0.348237   0.000000   )
 ( -0.000000   0.000000     0.000000   0.000000     0.035617   0.000000   )
 ( -0.000000   0.000000    -0.000000   0.000000     0.035617   0.000000   )
 ( -0.000000   0.000000     0.000000   0.000000    -0.243333   0.000000   )
 ( -0.000000   0.000000    -0.000000   0.000000    -0.243333   0.000000   )
 (  0.000000   0.000000    -0.000000   0.000000     0.261250   0.000000   )
 (  0.000000   0.000000     0.000000   0.000000     0.261250   0.000000   )
 (  0.000000   0.000000     0.000000   0.000000     0.000000   0.000000   )
 (  0.000000   0.000000     0.000000   0.000000    -0.000000   0.000000   )
 (  0.000000   0.000000     0.000000   0.000000    -0.261250   0.000000   )
 (  0.000000   0.000000     0.000000   0.000000    -0.261250   0.000000   )
 ( -0.000000   0.000000    -0.000000   0.000000     0.243333   0.000000   )
 ( -0.000000   0.000000     0.000000   0.000000     0.243333   0.000000   )
 ( -0.000000   0.000000    -0.000000   0.000000    -0.035617   0.000000   )
 ( -0.000000   0.000000     0.000000   0.000000    -0.035617   0.000000   )
 ( -0.000000   0.000000    -0.000000   0.000000    -0.348237   0.000000   )
 ( -0.000000   0.000000     0.000000   0.000000    -0.348237   0.000000   )
     freq (   14) =      15.377938 [THz] =     512.952788 [cm-1]
 ( -0.339568   0.000000     0.105411   0.000000    -0.000000   0.000000   )
 ( -0.339568   0.000000    -0.105411   0.000000    -0.000000   0.000000   )
 ( -0.224716   0.000000     0.039099   0.000000    -0.000000   0.000000   )
 ( -0.224716   0.000000    -0.039099   0.000000    -0.000000   0.000000   )
 ( -0.035339   0.000000     0.064412   0.000000     0.000000   0.000000   )
 ( -0.035339   0.000000    -0.064412   0.000000     0.000000   0.000000   )
 (  0.174454   0.000000    -0.000441   0.000000    -0.000000   0.000000   )
 (  0.174454   0.000000     0.000441   0.000000    -0.000000   0.000000   )
 (  0.267299   0.000000     0.000000   0.000000     0.000000   0.000000   )
 (  0.267299   0.000000    -0.000000   0.000000     0.000000   0.000000   )
 (  0.174454   0.000000     0.000441   0.000000     0.000000   0.000000   )
 (  0.174454   0.000000    -0.000441   0.000000     0.000000   0.000000   )
 ( -0.035339   0.000000    -0.064412   0.000000    -0.000000   0.000000   )
 ( -0.035339   0.000000     0.064412   0.000000    -0.000000   0.000000   )
 ( -0.224716   0.000000    -0.039099   0.000000     0.000000   0.000000   )
 ( -0.224716   0.000000     0.039099   0.000000     0.000000   0.000000   )
 ( -0.339568   0.000000    -0.105411   0.000000     0.000000   0.000000   )
 ( -0.339568   0.000000     0.105411   0.000000     0.000000   0.000000   )
     freq (   15) =      16.593637 [THz] =     553.504155 [cm-1]
 ( -0.240943   0.000000     0.305856   0.000000    -0.000000   0.000000   )
 ( -0.240943   0.000000    -0.305856   0.000000     0.000000   0.000000   )
 ( -0.013616   0.000000     0.176530   0.000000    -0.000000   0.000000   )
 ( -0.013616   0.000000    -0.176530   0.000000     0.000000   0.000000   )
 (  0.045221   0.000000     0.169782   0.000000     0.000000   0.000000   )
 (  0.045221   0.000000    -0.169782   0.000000    -0.000000   0.000000   )
 (  0.045450   0.000000     0.154963   0.000000     0.000000   0.000000   )
 (  0.045450   0.000000    -0.154963   0.000000    -0.000000   0.000000   )
 ( -0.000000   0.000000     0.142126   0.000000    -0.000000   0.000000   )
 ( -0.000000   0.000000    -0.142126   0.000000    -0.000000   0.000000   )
 ( -0.045450   0.000000     0.154963   0.000000    -0.000000   0.000000   )
 ( -0.045450   0.000000    -0.154963   0.000000     0.000000   0.000000   )
 ( -0.045221   0.000000     0.169782   0.000000    -0.000000   0.000000   )
 ( -0.045221   0.000000    -0.169782   0.000000     0.000000   0.000000   )
 (  0.013616   0.000000     0.176530   0.000000     0.000000   0.000000   )
 (  0.013616   0.000000    -0.176530   0.000000    -0.000000   0.000000   )
 (  0.240943   0.000000     0.305856   0.000000     0.000000   0.000000   )
 (  0.240943   0.000000    -0.305856   0.000000    -0.000000   0.000000   )
     freq (   16) =      17.166148 [THz] =     572.601077 [cm-1]
 ( -0.000000   0.000000     0.000000   0.000000     0.377977   0.000000   )
 ( -0.000000   0.000000    -0.000000   0.000000    -0.377977   0.000000   )
 (  0.000000   0.000000     0.000000   0.000000     0.104589   0.000000   )
 (  0.000000   0.000000    -0.000000   0.000000    -0.104589   0.000000   )
 (  0.000000   0.000000     0.000000   0.000000    -0.180349   0.000000   )
 (  0.000000   0.000000    -0.000000   0.000000     0.180349   0.000000   )
 (  0.000000   0.000000     0.000000   0.000000    -0.252326   0.000000   )
 (  0.000000   0.000000    -0.000000   0.000000     0.252326   0.000000   )
 ( -0.000000   0.000000     0.000000   0.000000    -0.000000   0.000000   )
 ( -0.000000   0.000000    -0.000000   0.000000    -0.000000   0.000000   )
 ( -0.000000   0.000000     0.000000   0.000000     0.252326   0.000000   )
 ( -0.000000   0.000000    -0.000000   0.000000    -0.252326   0.000000   )
 ( -0.000000   0.000000     0.000000   0.000000     0.180349   0.000000   )
 ( -0.000000   0.000000    -0.000000   0.000000    -0.180349   0.000000   )
 (  0.000000   0.000000     0.000000   0.000000    -0.104589   0.000000   )
 (  0.000000   0.000000    -0.000000   0.000000     0.104589   0.000000   )
 (  0.000000   0.000000     0.000000   0.000000    -0.377977   0.000000   )
 (  0.000000   0.000000    -0.000000   0.000000     0.377977   0.000000   )
     freq (   17) =      17.622839 [THz] =     587.834633 [cm-1]
 ( -0.000000   0.000000     0.000000   0.000000    -0.164051   0.000000   )
 ( -0.000000   0.000000    -0.000000   0.000000    -0.164051   0.000000   )
 (  0.000000   0.000000     0.000000   0.000000    -0.023844   0.000000   )
 (  0.000000   0.000000    -0.000000   0.000000    -0.023844   0.000000   )
 (  0.000000   0.000000     0.000000   0.000000     0.181774   0.000000   )
 (  0.000000   0.000000    -0.000000   0.000000     0.181774   0.000000   )
 ( -0.000000   0.000000     0.000000   0.000000    -0.339306   0.000000   )
 ( -0.000000   0.000000    -0.000000   0.000000    -0.339306   0.000000   )
 ( -0.000000   0.000000     0.000000   0.000000     0.385611   0.000000   )
 ( -0.000000   0.000000    -0.000000   0.000000     0.385611   0.000000   )
 ( -0.000000   0.000000     0.000000   0.000000    -0.339306   0.000000   )
 ( -0.000000   0.000000    -0.000000   0.000000    -0.339306   0.000000   )
 (  0.000000   0.000000     0.000000   0.000000     0.181774   0.000000   )
 (  0.000000   0.000000    -0.000000   0.000000     0.181774   0.000000   )
 (  0.000000   0.000000     0.000000   0.000000    -0.023844   0.000000   )
 (  0.000000   0.000000     0.000000   0.000000    -0.023844   0.000000   )
 (  0.000000   0.000000     0.000000   0.000000    -0.164051   0.000000   )
 (  0.000000   0.000000    -0.000000   0.000000    -0.164051   0.000000   )
     freq (   18) =      20.116662 [THz] =     671.019627 [cm-1]
 (  0.204775   0.000000    -0.352223   0.000000    -0.000000   0.000000   )
 (  0.204775   0.000000     0.352223   0.000000     0.000000   0.000000   )
 ( -0.045619   0.000000    -0.209617   0.000000     0.000000   0.000000   )
 ( -0.045619   0.000000     0.209617   0.000000    -0.000000   0.000000   )
 ( -0.038829   0.000000    -0.150560   0.000000    -0.000000   0.000000   )
 ( -0.038829   0.000000     0.150560   0.000000     0.000000   0.000000   )
 (  0.023395   0.000000    -0.099076   0.000000    -0.000000   0.000000   )
 (  0.023395   0.000000     0.099076   0.000000    -0.000000   0.000000   )
 (  0.083022   0.000000     0.000000   0.000000     0.000000   0.000000   )
 (  0.083022   0.000000     0.000000   0.000000     0.000000   0.000000   )
 (  0.023395   0.000000     0.099076   0.000000    -0.000000   0.000000   )
 (  0.023395   0.000000    -0.099076   0.000000    -0.000000   0.000000   )
 ( -0.038829   0.000000     0.150560   0.000000     0.000000   0.000000   )
 ( -0.038829   0.000000    -0.150560   0.000000    -0.000000   0.000000   )
 ( -0.045619   0.000000     0.209617   0.000000    -0.000000   0.000000   )
 ( -0.045619   0.000000    -0.209617   0.000000     0.000000   0.000000   )
 (  0.204775   0.000000     0.352223   0.000000    -0.000000   0.000000   )
 (  0.204775   0.000000    -0.352223   0.000000     0.000000   0.000000   )
     freq (   19) =      21.215332 [THz] =     707.667306 [cm-1]
 (  0.000000   0.000000     0.000000   0.000000     0.387240   0.000000   )
 (  0.000000   0.000000     0.000000   0.000000    -0.387240   0.000000   )
 (  0.000000   0.000000     0.000000   0.000000     0.085525   0.000000   )
 (  0.000000   0.000000     0.000000   0.000000    -0.085525   0.000000   )
 ( -0.000000   0.000000    -0.000000   0.000000    -0.234681   0.000000   )
 ( -0.000000   0.000000     0.000000   0.000000     0.234681   0.000000   )
 ( -0.000000   0.000000     0.000000   0.000000    -0.025007   0.000000   )
 ( -0.000000   0.000000    -0.000000   0.000000     0.025007   0.000000   )
 ( -0.000000   0.000000     0.000000   0.000000     0.272142   0.000000   )
 ( -0.000000   0.000000    -0.000000   0.000000    -0.272142   0.000000   )
 (  0.000000   0.000000     0.000000   0.000000    -0.025007   0.000000   )
 (  0.000000   0.000000    -0.000000   0.000000     0.025007   0.000000   )
 (  0.000000   0.000000     0.000000   0.000000    -0.234681   0.000000   )
 (  0.000000   0.000000    -0.000000   0.000000     0.234681   0.000000   )
 ( -0.000000   0.000000     0.000000   0.000000     0.085525   0.000000   )
 ( -0.000000   0.000000    -0.000000   0.000000    -0.085525   0.000000   )
 ( -0.000000   0.000000    -0.000000   0.000000     0.387240   0.000000   )
 ( -0.000000   0.000000     0.000000   0.000000    -0.387240   0.000000   )
     freq (   20) =      21.777530 [THz] =     726.420220 [cm-1]
 ( -0.108187   0.000000    -0.245518   0.000000    -0.000000   0.000000   )
 (  0.108187   0.000000    -0.245518   0.000000    -0.000000   0.000000   )
 ( -0.004266   0.000000    -0.296949   0.000000     0.000000   0.000000   )
 (  0.004266   0.000000    -0.296949   0.000000     0.000000   0.000000   )
 (  0.047254   0.000000    -0.038304   0.000000     0.000000   0.000000   )
 ( -0.047254   0.000000    -0.038304   0.000000    -0.000000   0.000000   )
 ( -0.051531   0.000000     0.193645   0.000000    -0.000000   0.000000   )
 (  0.051531   0.000000     0.193645   0.000000     0.000000   0.000000   )
 (  0.000000   0.000000     0.303201   0.000000     0.000000   0.000000   )
 (  0.000000   0.000000     0.303201   0.000000    -0.000000   0.000000   )
 (  0.051531   0.000000     0.193645   0.000000    -0.000000   0.000000   )
 ( -0.051531   0.000000     0.193645   0.000000     0.000000   0.000000   )
 ( -0.047254   0.000000    -0.038304   0.000000    -0.000000   0.000000   )
 (  0.047254   0.000000    -0.038304   0.000000     0.000000   0.000000   )
 (  0.004266   0.000000    -0.296949   0.000000     0.000000   0.000000   )
 ( -0.004266   0.000000    -0.296949   0.000000    -0.000000   0.000000   )
 (  0.108187   0.000000    -0.245518   0.000000    -0.000000   0.000000   )
 ( -0.108187   0.000000    -0.245518   0.000000    -0.000000   0.000000   )
     freq (   21) =      22.178245 [THz] =     739.786626 [cm-1]
 (  0.304586   0.000000     0.010664   0.000000    -0.000000   0.000000   )
 (  0.304586   0.000000    -0.010664   0.000000    -0.000000   0.000000   )
 (  0.209222   0.000000     0.067541   0.000000     0.000000   0.000000   )
 (  0.209222   0.000000    -0.067541   0.000000     0.000000   0.000000   )
 ( -0.135345   0.000000    -0.002426   0.000000    -0.000000   0.000000   )
 ( -0.135345   0.000000     0.002426   0.000000    -0.000000   0.000000   )
 ( -0.284679   0.000000     0.051921   0.000000     0.000000   0.000000   )
 ( -0.284679   0.000000    -0.051921   0.000000     0.000000   0.000000   )
 (  0.000000   0.000000     0.115892   0.000000    -0.000000   0.000000   )
 ( -0.000000   0.000000    -0.115892   0.000000     0.000000   0.000000   )
 (  0.284679   0.000000     0.051921   0.000000     0.000000   0.000000   )
 (  0.284679   0.000000    -0.051921   0.000000    -0.000000   0.000000   )
 (  0.135345   0.000000    -0.002426   0.000000     0.000000   0.000000   )
 (  0.135345   0.000000     0.002426   0.000000    -0.000000   0.000000   )
 ( -0.209222   0.000000     0.067541   0.000000    -0.000000   0.000000   )
 ( -0.209222   0.000000    -0.067541   0.000000    -0.000000   0.000000   )
 ( -0.304586   0.000000     0.010664   0.000000     0.000000   0.000000   )
 ( -0.304586   0.000000    -0.010664   0.000000     0.000000   0.000000   )
     freq (   22) =      22.540885 [THz] =     751.883000 [cm-1]
 ( -0.000000   0.000000    -0.000000   0.000000    -0.491877   0.000000   )
 ( -0.000000   0.000000     0.000000   0.000000    -0.491877   0.000000   )
 ( -0.000000   0.000000    -0.000000   0.000000     0.078991   0.000000   )
 ( -0.000000   0.000000     0.000000   0.000000     0.078991   0.000000   )
 (  0.000000   0.000000    -0.000000   0.000000    -0.042354   0.000000   )
 (  0.000000   0.000000    -0.000000   0.000000    -0.042354   0.000000   )
 (  0.000000   0.000000    -0.000000   0.000000     0.004802   0.000000   )
 (  0.000000   0.000000     0.000000   0.000000     0.004802   0.000000   )
 ( -0.000000   0.000000    -0.000000   0.000000    -0.000000   0.000000   )
 ( -0.000000   0.000000     0.000000   0.000000     0.000000   0.000000   )
 ( -0.000000   0.000000    -0.000000   0.000000    -0.004802   0.000000   )
 ( -0.000000   0.000000     0.000000   0.000000    -0.004802   0.000000   )
 ( -0.000000   0.000000     0.000000   0.000000     0.042354   0.000000   )
 ( -0.000000   0.000000    -0.000000   0.000000     0.042354   0.000000   )
 (  0.000000   0.000000    -0.000000   0.000000    -0.078991   0.000000   )
 (  0.000000   0.000000     0.000000   0.000000    -0.078991   0.000000   )
 (  0.000000   0.000000    -0.000000   0.000000     0.491877   0.000000   )
 (  0.000000   0.000000     0.000000   0.000000     0.491877   0.000000   )
     freq (   23) =      22.806021 [THz] =     760.726976 [cm-1]
 ( -0.000000   0.000000     0.000000   0.000000    -0.492271   0.000000   )
 ( -0.000000   0.000000    -0.000000   0.000000    -0.492271   0.000000   )
 ( -0.000000   0.000000     0.000000   0.000000     0.077802   0.000000   )
 ( -0.000000   0.000000     0.000000   0.000000     0.077802   0.000000   )
 (  0.000000   0.000000    -0.000000   0.000000    -0.039696   0.000000   )
 (  0.000000   0.000000    -0.000000   0.000000    -0.039696   0.000000   )
 (  0.000000   0.000000    -0.000000   0.000000    -0.001848   0.000000   )
 (  0.000000   0.000000    -0.000000   0.000000    -0.001848   0.000000   )
 ( -0.000000   0.000000    -0.000000   0.000000     0.008645   0.000000   )
 ( -0.000000   0.000000     0.000000   0.000000     0.008645   0.000000   )
 ( -0.000000   0.000000    -0.000000   0.000000    -0.001848   0.000000   )
 ( -0.000000   0.000000     0.000000   0.000000    -0.001848   0.000000   )
 ( -0.000000   0.000000     0.000000   0.000000    -0.039696   0.000000   )
 ( -0.000000   0.000000     0.000000   0.000000    -0.039696   0.000000   )
 (  0.000000   0.000000     0.000000   0.000000     0.077802   0.000000   )
 (  0.000000   0.000000     0.000000   0.000000     0.077802   0.000000   )
 (  0.000000   0.000000     0.000000   0.000000    -0.492271   0.000000   )
 (  0.000000   0.000000    -0.000000   0.000000    -0.492271   0.000000   )
     freq (   24) =      24.374514 [THz] =     813.046259 [cm-1]
 ( -0.000000   0.000000     0.000000   0.000000     0.347525   0.000000   )
 (  0.000000   0.000000    -0.000000   0.000000    -0.347525   0.000000   )
 ( -0.000000   0.000000    -0.000000   0.000000     0.049638   0.000000   )
 ( -0.000000   0.000000    -0.000000   0.000000    -0.049638   0.000000   )
 (  0.000000   0.000000     0.000000   0.000000    -0.256117   0.000000   )
 ( -0.000000   0.000000    -0.000000   0.000000     0.256117   0.000000   )
 (  0.000000   0.000000     0.000000   0.000000     0.247319   0.000000   )
 ( -0.000000   0.000000     0.000000   0.000000    -0.247319   0.000000   )
 ( -0.000000   0.000000     0.000000   0.000000    -0.000000   0.000000   )
 (  0.000000   0.000000     0.000000   0.000000    -0.000000   0.000000   )
 ( -0.000000   0.000000    -0.000000   0.000000    -0.247319   0.000000   )
 ( -0.000000   0.000000     0.000000   0.000000     0.247319   0.000000   )
 ( -0.000000   0.000000    -0.000000   0.000000     0.256117   0.000000   )
 ( -0.000000   0.000000    -0.000000   0.000000    -0.256117   0.000000   )
 ( -0.000000   0.000000    -0.000000   0.000000    -0.049638   0.000000   )
 (  0.000000   0.000000    -0.000000   0.000000     0.049638   0.000000   )
 ( -0.000000   0.000000    -0.000000   0.000000    -0.347525   0.000000   )
 (  0.000000   0.000000    -0.000000   0.000000     0.347525   0.000000   )
     freq (   25) =      25.807284 [THz] =     860.838344 [cm-1]
 (  0.000000   0.000000     0.000000   0.000000     0.222667   0.000000   )
 ( -0.000000   0.000000    -0.000000   0.000000    -0.222667   0.000000   )
 (  0.000000   0.000000    -0.000000   0.000000     0.029101   0.000000   )
 (  0.000000   0.000000    -0.000000   0.000000    -0.029101   0.000000   )
 ( -0.000000   0.000000     0.000000   0.000000    -0.196617   0.000000   )
 ( -0.000000   0.000000     0.000000   0.000000     0.196617   0.000000   )
 ( -0.000000   0.000000     0.000000   0.000000     0.314110   0.000000   )
 ( -0.000000   0.000000     0.000000   0.000000    -0.314110   0.000000   )
 (  0.000000   0.000000     0.000000   0.000000    -0.352845   0.000000   )
 (  0.000000   0.000000    -0.000000   0.000000     0.352845   0.000000   )
 (  0.000000   0.000000     0.000000   0.000000     0.314110   0.000000   )
 (  0.000000   0.000000    -0.000000   0.000000    -0.314110   0.000000   )
 ( -0.000000   0.000000    -0.000000   0.000000    -0.196617   0.000000   )
 ( -0.000000   0.000000     0.000000   0.000000     0.196617   0.000000   )
 ( -0.000000   0.000000    -0.000000   0.000000     0.029101   0.000000   )
 ( -0.000000   0.000000    -0.000000   0.000000    -0.029101   0.000000   )
 (  0.000000   0.000000     0.000000   0.000000     0.222667   0.000000   )
 (  0.000000   0.000000     0.000000   0.000000    -0.222667   0.000000   )
     freq (   26) =      27.101733 [THz] =     904.016501 [cm-1]
 (  0.000000   0.000000     0.000000   0.000000     0.488623   0.000000   )
 (  0.000000   0.000000     0.000000   0.000000    -0.488623   0.000000   )
 (  0.000000   0.000000    -0.000000   0.000000    -0.100869   0.000000   )
 (  0.000000   0.000000    -0.000000   0.000000     0.100869   0.000000   )
 ( -0.000000   0.000000     0.000000   0.000000     0.032557   0.000000   )
 ( -0.000000   0.000000    -0.000000   0.000000    -0.032557   0.000000   )
 ( -0.000000   0.000000     0.000000   0.000000    -0.003658   0.000000   )
 ( -0.000000   0.000000     0.000000   0.000000     0.003658   0.000000   )
 (  0.000000   0.000000     0.000000   0.000000     0.000000   0.000000   )
 (  0.000000   0.000000    -0.000000   0.000000    -0.000000   0.000000   )
 (  0.000000   0.000000     0.000000   0.000000     0.003658   0.000000   )
 ( -0.000000   0.000000    -0.000000   0.000000    -0.003658   0.000000   )
 ( -0.000000   0.000000    -0.000000   0.000000    -0.032557   0.000000   )
 ( -0.000000   0.000000     0.000000   0.000000     0.032557   0.000000   )
 (  0.000000   0.000000    -0.000000   0.000000     0.100869   0.000000   )
 (  0.000000   0.000000     0.000000   0.000000    -0.100869   0.000000   )
 (  0.000000   0.000000     0.000000   0.000000    -0.488623   0.000000   )
 (  0.000000   0.000000    -0.000000   0.000000     0.488623   0.000000   )
     freq (   27) =      27.125586 [THz] =     904.812159 [cm-1]
 (  0.000000   0.000000    -0.000000   0.000000     0.488814   0.000000   )
 (  0.000000   0.000000     0.000000   0.000000    -0.488814   0.000000   )
 (  0.000000   0.000000    -0.000000   0.000000    -0.100494   0.000000   )
 (  0.000000   0.000000    -0.000000   0.000000     0.100494   0.000000   )
 ( -0.000000   0.000000     0.000000   0.000000     0.031014   0.000000   )
 ( -0.000000   0.000000     0.000000   0.000000    -0.031014   0.000000   )
 ( -0.000000   0.000000     0.000000   0.000000    -0.000446   0.000000   )
 ( -0.000000   0.000000     0.000000   0.000000     0.000446   0.000000   )
 (  0.000000   0.000000     0.000000   0.000000    -0.000164   0.000000   )
 (  0.000000   0.000000    -0.000000   0.000000     0.000164   0.000000   )
 (  0.000000   0.000000     0.000000   0.000000    -0.000446   0.000000   )
 (  0.000000   0.000000    -0.000000   0.000000     0.000446   0.000000   )
 ( -0.000000   0.000000    -0.000000   0.000000     0.031014   0.000000   )
 ( -0.000000   0.000000    -0.000000   0.000000    -0.031014   0.000000   )
 (  0.000000   0.000000    -0.000000   0.000000    -0.100494   0.000000   )
 (  0.000000   0.000000     0.000000   0.000000     0.100494   0.000000   )
 (  0.000000   0.000000    -0.000000   0.000000     0.488814   0.000000   )
 (  0.000000   0.000000     0.000000   0.000000    -0.488814   0.000000   )
     freq (   28) =      27.823211 [THz] =     928.082423 [cm-1]
 (  0.302902   0.000000     0.034104   0.000000    -0.000000   0.000000   )
 (  0.302902   0.000000    -0.034104   0.000000     0.000000   0.000000   )
 (  0.151544   0.000000     0.123635   0.000000     0.000000   0.000000   )
 (  0.151544   0.000000    -0.123635   0.000000    -0.000000   0.000000   )
 ( -0.262508   0.000000    -0.004777   0.000000    -0.000000   0.000000   )
 ( -0.262508   0.000000     0.004777   0.000000     0.000000   0.000000   )
 ( -0.057101   0.000000    -0.071606   0.000000    -0.000000   0.000000   )
 ( -0.057101   0.000000     0.071606   0.000000     0.000000   0.000000   )
 (  0.288150   0.000000    -0.000000   0.000000     0.000000   0.000000   )
 (  0.288150   0.000000     0.000000   0.000000    -0.000000   0.000000   )
 ( -0.057101   0.000000     0.071606   0.000000    -0.000000   0.000000   )
 ( -0.057101   0.000000    -0.071606   0.000000     0.000000   0.000000   )
 ( -0.262508   0.000000     0.004777   0.000000    -0.000000   0.000000   )
 ( -0.262508   0.000000    -0.004777   0.000000     0.000000   0.000000   )
 (  0.151544   0.000000    -0.123635   0.000000     0.000000   0.000000   )
 (  0.151544   0.000000     0.123635   0.000000    -0.000000   0.000000   )
 (  0.302902   0.000000    -0.034104   0.000000    -0.000000   0.000000   )
 (  0.302902   0.000000     0.034104   0.000000     0.000000   0.000000   )
     freq (   29) =      28.075555 [THz] =     936.499718 [cm-1]
 ( -0.251870   0.000000    -0.123530   0.000000    -0.000000   0.000000   )
 (  0.251870   0.000000    -0.123530   0.000000     0.000000   0.000000   )
 ( -0.027797   0.000000    -0.240624   0.000000     0.000000   0.000000   )
 (  0.027797   0.000000    -0.240624   0.000000    -0.000000   0.000000   )
 (  0.107422   0.000000     0.148849   0.000000     0.000000   0.000000   )
 ( -0.107422   0.000000     0.148849   0.000000    -0.000000   0.000000   )
 (  0.010959   0.000000     0.277679   0.000000    -0.000000   0.000000   )
 ( -0.010959   0.000000     0.277679   0.000000     0.000000   0.000000   )
 ( -0.058443   0.000000     0.000000   0.000000    -0.000000   0.000000   )
 (  0.058443   0.000000    -0.000000   0.000000    -0.000000   0.000000   )
 (  0.010959   0.000000    -0.277679   0.000000     0.000000   0.000000   )
 ( -0.010959   0.000000    -0.277679   0.000000     0.000000   0.000000   )
 (  0.107422   0.000000    -0.148849   0.000000    -0.000000   0.000000   )
 ( -0.107422   0.000000    -0.148849   0.000000     0.000000   0.000000   )
 ( -0.027797   0.000000     0.240624   0.000000     0.000000   0.000000   )
 (  0.027797   0.000000     0.240624   0.000000    -0.000000   0.000000   )
 ( -0.251870   0.000000     0.123530   0.000000    -0.000000   0.000000   )
 (  0.251870   0.000000     0.123530   0.000000     0.000000   0.000000   )
     freq (   30) =      28.471889 [THz] =     949.719992 [cm-1]
 ( -0.167266   0.000000     0.332444   0.000000     0.000000   0.000000   )
 ( -0.167266   0.000000    -0.332444   0.000000    -0.000000   0.000000   )
 (  0.062307   0.000000     0.200332   0.000000    -0.000000   0.000000   )
 (  0.062307   0.000000    -0.200332   0.000000     0.000000   0.000000   )
 ( -0.067787   0.000000     0.000207   0.000000     0.000000   0.000000   )
 ( -0.067787   0.000000    -0.000207   0.000000    -0.000000   0.000000   )
 (  0.028153   0.000000    -0.170406   0.000000    -0.000000   0.000000   )
 (  0.028153   0.000000     0.170406   0.000000    -0.000000   0.000000   )
 ( -0.000000   0.000000    -0.257147   0.000000    -0.000000   0.000000   )
 ( -0.000000   0.000000     0.257147   0.000000     0.000000   0.000000   )
 ( -0.028153   0.000000    -0.170406   0.000000     0.000000   0.000000   )
 ( -0.028153   0.000000     0.170406   0.000000    -0.000000   0.000000   )
 (  0.067787   0.000000     0.000207   0.000000    -0.000000   0.000000   )
 (  0.067787   0.000000    -0.000207   0.000000    -0.000000   0.000000   )
 ( -0.062307   0.000000     0.200332   0.000000    -0.000000   0.000000   )
 ( -0.062307   0.000000    -0.200332   0.000000     0.000000   0.000000   )
 (  0.167266   0.000000     0.332444   0.000000     0.000000   0.000000   )
 (  0.167266   0.000000    -0.332444   0.000000    -0.000000   0.000000   )
     freq (   31) =      32.326314 [THz] =    1078.289774 [cm-1]
 ( -0.326526   0.000000     0.195279   0.000000     0.000000   0.000000   )
 (  0.326526   0.000000     0.195279   0.000000     0.000000   0.000000   )
 ( -0.070977   0.000000     0.047901   0.000000    -0.000000   0.000000   )
 (  0.070977   0.000000     0.047901   0.000000    -0.000000   0.000000   )
 (  0.233647   0.000000    -0.080447   0.000000    -0.000000   0.000000   )
 ( -0.233647   0.000000    -0.080447   0.000000     0.000000   0.000000   )
 (  0.167712   0.000000    -0.042837   0.000000     0.000000   0.000000   )
 ( -0.167712   0.000000    -0.042837   0.000000    -0.000000   0.000000   )
 ( -0.000000   0.000000     0.117384   0.000000    -0.000000   0.000000   )
 ( -0.000000   0.000000     0.117384   0.000000     0.000000   0.000000   )
 ( -0.167712   0.000000    -0.042837   0.000000    -0.000000   0.000000   )
 (  0.167712   0.000000    -0.042837   0.000000     0.000000   0.000000   )
 ( -0.233647   0.000000    -0.080447   0.000000    -0.000000   0.000000   )
 (  0.233647   0.000000    -0.080447   0.000000    -0.000000   0.000000   )
 (  0.070977   0.000000     0.047901   0.000000     0.000000   0.000000   )
 ( -0.070977   0.000000     0.047901   0.000000    -0.000000   0.000000   )
 (  0.326526   0.000000     0.195279   0.000000    -0.000000   0.000000   )
 ( -0.326526   0.000000     0.195279   0.000000     0.000000   0.000000   )
     freq (   32) =      32.541717 [THz] =    1085.474854 [cm-1]
 (  0.307640   0.000000     0.000237   0.000000     0.000000   0.000000   )
 ( -0.307640   0.000000     0.000237   0.000000    -0.000000   0.000000   )
 (  0.033857   0.000000     0.148398   0.000000     0.000000   0.000000   )
 ( -0.033857   0.000000     0.148398   0.000000     0.000000   0.000000   )
 ( -0.063015   0.000000    -0.234826   0.000000     0.000000   0.000000   )
 (  0.063015   0.000000    -0.234826   0.000000     0.000000   0.000000   )
 ( -0.132190   0.000000    -0.072064   0.000000    -0.000000   0.000000   )
 (  0.132190   0.000000    -0.072064   0.000000     0.000000   0.000000   )
 ( -0.000000   0.000000     0.317513   0.000000    -0.000000   0.000000   )
 ( -0.000000   0.000000     0.317513   0.000000    -0.000000   0.000000   )
 (  0.132190   0.000000    -0.072064   0.000000    -0.000000   0.000000   )
 ( -0.132190   0.000000    -0.072064   0.000000     0.000000   0.000000   )
 (  0.063015   0.000000    -0.234826   0.000000    -0.000000   0.000000   )
 ( -0.063015   0.000000    -0.234826   0.000000     0.000000   0.000000   )
 ( -0.033857   0.000000     0.148398   0.000000     0.000000   0.000000   )
 (  0.033857   0.000000     0.148398   0.000000     0.000000   0.000000   )
 ( -0.307640   0.000000     0.000237   0.000000    -0.000000   0.000000   )
 (  0.307640   0.000000     0.000237   0.000000    -0.000000   0.000000   )
     freq (   33) =      33.238421 [THz] =    1108.714385 [cm-1]
 ( -0.401483   0.000000     0.209450   0.000000    -0.000000   0.000000   )
 ( -0.401483   0.000000    -0.209450   0.000000    -0.000000   0.000000   )
 ( -0.024787   0.000000    -0.007685   0.000000     0.000000   0.000000   )
 ( -0.024787   0.000000     0.007685   0.000000     0.000000   0.000000   )
 (  0.151618   0.000000    -0.051900   0.000000    -0.000000   0.000000   )
 (  0.151618   0.000000     0.051900   0.000000    -0.000000   0.000000   )
 ( -0.134204   0.000000    -0.021130   0.000000     0.000000   0.000000   )
 ( -0.134204   0.000000     0.021130   0.000000     0.000000   0.000000   )
 (  0.000000   0.000000    -0.016111   0.000000     0.000000   0.000000   )
 ( -0.000000   0.000000     0.016111   0.000000    -0.000000   0.000000   )
 (  0.134204   0.000000    -0.021130   0.000000    -0.000000   0.000000   )
 (  0.134204   0.000000     0.021130   0.000000     0.000000   0.000000   )
 ( -0.151618   0.000000    -0.051900   0.000000    -0.000000   0.000000   )
 ( -0.151618   0.000000     0.051900   0.000000    -0.000000   0.000000   )
 (  0.024787   0.000000    -0.007685   0.000000     0.000000   0.000000   )
 (  0.024787   0.000000     0.007685   0.000000     0.000000   0.000000   )
 (  0.401483   0.000000     0.209450   0.000000    -0.000000   0.000000   )
 (  0.401483   0.000000    -0.209450   0.000000     0.000000   0.000000   )
     freq (   34) =      34.858871 [THz] =    1162.766783 [cm-1]
 ( -0.387644   0.000000     0.267193   0.000000     0.000000   0.000000   )
 ( -0.387644   0.000000    -0.267193   0.000000    -0.000000   0.000000   )
 (  0.012218   0.000000     0.037918   0.000000    -0.000000   0.000000   )
 (  0.012218   0.000000    -0.037918   0.000000    -0.000000   0.000000   )
 (  0.054417   0.000000    -0.096324   0.000000     0.000000   0.000000   )
 (  0.054417   0.000000     0.096324   0.000000    -0.000000   0.000000   )
 ( -0.054409   0.000000    -0.103578   0.000000    -0.000000   0.000000   )
 ( -0.054409   0.000000     0.103578   0.000000    -0.000000   0.000000   )
 (  0.040605   0.000000     0.000000   0.000000    -0.000000   0.000000   )
 (  0.040605   0.000000     0.000000   0.000000     0.000000   0.000000   )
 ( -0.054409   0.000000     0.103578   0.000000     0.000000   0.000000   )
 ( -0.054409   0.000000    -0.103578   0.000000     0.000000   0.000000   )
 (  0.054417   0.000000     0.096324   0.000000     0.000000   0.000000   )
 (  0.054417   0.000000    -0.096324   0.000000    -0.000000   0.000000   )
 (  0.012218   0.000000    -0.037918   0.000000     0.000000   0.000000   )
 (  0.012218   0.000000     0.037918   0.000000     0.000000   0.000000   )
 ( -0.387644   0.000000    -0.267193   0.000000    -0.000000   0.000000   )
 ( -0.387644   0.000000     0.267193   0.000000     0.000000   0.000000   )
     freq (   35) =      35.255250 [THz] =    1175.988572 [cm-1]
 ( -0.398000   0.000000     0.232069   0.000000    -0.000000   0.000000   )
 (  0.398000   0.000000     0.232069   0.000000     0.000000   0.000000   )
 ( -0.037736   0.000000     0.024252   0.000000     0.000000   0.000000   )
 (  0.037736   0.000000     0.024252   0.000000     0.000000   0.000000   )
 (  0.138313   0.000000    -0.010043   0.000000     0.000000   0.000000   )
 ( -0.138313   0.000000    -0.010043   0.000000     0.000000   0.000000   )
 (  0.111200   0.000000    -0.060239   0.000000    -0.000000   0.000000   )
 ( -0.111200   0.000000    -0.060239   0.000000    -0.000000   0.000000   )
 ( -0.031685   0.000000    -0.000000   0.000000    -0.000000   0.000000   )
 (  0.031685   0.000000     0.000000   0.000000    -0.000000   0.000000   )
 (  0.111200   0.000000     0.060239   0.000000     0.000000   0.000000   )
 ( -0.111200   0.000000     0.060239   0.000000    -0.000000   0.000000   )
 (  0.138313   0.000000     0.010043   0.000000     0.000000   0.000000   )
 ( -0.138313   0.000000     0.010043   0.000000     0.000000   0.000000   )
 ( -0.037736   0.000000    -0.024252   0.000000    -0.000000   0.000000   )
 (  0.037736   0.000000    -0.024252   0.000000     0.000000   0.000000   )
 ( -0.398000   0.000000    -0.232069   0.000000     0.000000   0.000000   )
 (  0.398000   0.000000    -0.232069   0.000000    -0.000000   0.000000   )
     freq (   36) =      37.168747 [THz] =    1239.815953 [cm-1]
 (  0.351081   0.000000    -0.056681   0.000000    -0.000000   0.000000   )
 ( -0.351081   0.000000    -0.056681   0.000000     0.000000   0.000000   )
 (  0.081747   0.000000     0.088574   0.000000    -0.000000   0.000000   )
 ( -0.081747   0.000000     0.088574   0.000000    -0.000000   0.000000   )
 (  0.152304   0.000000    -0.168034   0.000000    -0.000000   0.000000   )
 ( -0.152304   0.000000    -0.168034   0.000000    -0.000000   0.000000   )
 ( -0.060537   0.000000     0.112894   0.000000    -0.000000   0.000000   )
 (  0.060537   0.000000     0.112894   0.000000    -0.000000   0.000000   )
 ( -0.286913   0.000000    -0.000000   0.000000     0.000000   0.000000   )
 (  0.286913   0.000000    -0.000000   0.000000     0.000000   0.000000   )
 ( -0.060537   0.000000    -0.112894   0.000000     0.000000   0.000000   )
 (  0.060537   0.000000    -0.112894   0.000000    -0.000000   0.000000   )
 (  0.152304   0.000000     0.168034   0.000000    -0.000000   0.000000   )
 ( -0.152304   0.000000     0.168034   0.000000    -0.000000   0.000000   )
 (  0.081747   0.000000    -0.088574   0.000000    -0.000000   0.000000   )
 ( -0.081747   0.000000    -0.088574   0.000000    -0.000000   0.000000   )
 (  0.351081   0.000000     0.056681   0.000000     0.000000   0.000000   )
 ( -0.351081   0.000000     0.056681   0.000000    -0.000000   0.000000   )
     freq (   37) =      37.460577 [THz] =    1249.550361 [cm-1]
 (  0.438797   0.000000    -0.223526   0.000000    -0.000000   0.000000   )
 ( -0.438797   0.000000    -0.223526   0.000000     0.000000   0.000000   )
 (  0.034542   0.000000     0.006372   0.000000     0.000000   0.000000   )
 ( -0.034542   0.000000     0.006372   0.000000     0.000000   0.000000   )
 (  0.035802   0.000000    -0.005872   0.000000     0.000000   0.000000   )
 ( -0.035802   0.000000    -0.005872   0.000000     0.000000   0.000000   )
 (  0.064871   0.000000     0.025340   0.000000    -0.000000   0.000000   )
 ( -0.064871   0.000000     0.025340   0.000000     0.000000   0.000000   )
 (  0.000000   0.000000    -0.013607   0.000000    -0.000000   0.000000   )
 ( -0.000000   0.000000    -0.013607   0.000000    -0.000000   0.000000   )
 ( -0.064871   0.000000     0.025340   0.000000     0.000000   0.000000   )
 (  0.064871   0.000000     0.025340   0.000000    -0.000000   0.000000   )
 ( -0.035802   0.000000    -0.005872   0.000000    -0.000000   0.000000   )
 (  0.035802   0.000000    -0.005872   0.000000     0.000000   0.000000   )
 ( -0.034542   0.000000     0.006372   0.000000     0.000000   0.000000   )
 (  0.034542   0.000000     0.006372   0.000000    -0.000000   0.000000   )
 ( -0.438797   0.000000    -0.223526   0.000000    -0.000000   0.000000   )
 (  0.438797   0.000000    -0.223526   0.000000     0.000000   0.000000   )
     freq (   38) =      37.655140 [THz] =    1256.040280 [cm-1]
 (  0.125489   0.000000     0.065913   0.000000    -0.000000   0.000000   )
 (  0.125489   0.000000    -0.065913   0.000000     0.000000   0.000000   )
 (  0.013164   0.000000     0.128840   0.000000     0.000000   0.000000   )
 (  0.013164   0.000000    -0.128840   0.000000    -0.000000   0.000000   )
 ( -0.128718   0.000000    -0.075052   0.000000     0.000000   0.000000   )
 ( -0.128718   0.000000     0.075052   0.000000     0.000000   0.000000   )
 (  0.289007   0.000000    -0.198381   0.000000     0.000000   0.000000   )
 (  0.289007   0.000000     0.198381   0.000000     0.000000   0.000000   )
 ( -0.368928   0.000000    -0.000000   0.000000     0.000000   0.000000   )
 ( -0.368928   0.000000    -0.000000   0.000000    -0.000000   0.000000   )
 (  0.289007   0.000000     0.198381   0.000000     0.000000   0.000000   )
 (  0.289007   0.000000    -0.198381   0.000000    -0.000000   0.000000   )
 ( -0.128718   0.000000     0.075052   0.000000    -0.000000   0.000000   )
 ( -0.128718   0.000000    -0.075052   0.000000     0.000000   0.000000   )
 (  0.013164   0.000000    -0.128840   0.000000     0.000000   0.000000   )
 (  0.013164   0.000000     0.128840   0.000000    -0.000000   0.000000   )
 (  0.125489   0.000000    -0.065913   0.000000    -0.000000   0.000000   )
 (  0.125489   0.000000     0.065913   0.000000     0.000000   0.000000   )
     freq (   39) =      38.012945 [THz] =    1267.975364 [cm-1]
 (  0.418908   0.000000    -0.226502   0.000000     0.000000   0.000000   )
 ( -0.418908   0.000000    -0.226502   0.000000     0.000000   0.000000   )
 (  0.022634   0.000000    -0.000194   0.000000    -0.000000   0.000000   )
 ( -0.022634   0.000000    -0.000194   0.000000     0.000000   0.000000   )
 (  0.050337   0.000000     0.015673   0.000000    -0.000000   0.000000   )
 ( -0.050337   0.000000     0.015673   0.000000    -0.000000   0.000000   )
 (  0.125988   0.000000     0.002145   0.000000    -0.000000   0.000000   )
 ( -0.125988   0.000000     0.002145   0.000000    -0.000000   0.000000   )
 (  0.089925   0.000000     0.000000   0.000000    -0.000000   0.000000   )
 ( -0.089925   0.000000     0.000000   0.000000    -0.000000   0.000000   )
 (  0.125988   0.000000    -0.002145   0.000000    -0.000000   0.000000   )
 ( -0.125988   0.000000    -0.002145   0.000000     0.000000   0.000000   )
 (  0.050337   0.000000    -0.015673   0.000000    -0.000000   0.000000   )
 ( -0.050337   0.000000    -0.015673   0.000000    -0.000000   0.000000   )
 (  0.022634   0.000000     0.000194   0.000000     0.000000   0.000000   )
 ( -0.022634   0.000000     0.000194   0.000000    -0.000000   0.000000   )
 (  0.418908   0.000000     0.226502   0.000000     0.000000   0.000000   )
 ( -0.418908   0.000000     0.226502   0.000000    -0.000000   0.000000   )
     freq (   40) =      39.965054 [THz] =    1333.090712 [cm-1]
 (  0.160762   0.000000    -0.214026   0.000000     0.000000   0.000000   )
 ( -0.160762   0.000000    -0.214026   0.000000    -0.000000   0.000000   )
 ( -0.074212   0.000000    -0.070925   0.000000    -0.000000   0.000000   )
 (  0.074212   0.000000    -0.070925   0.000000     0.000000   0.000000   )
 ( -0.089343   0.000000     0.206189   0.000000    -0.000000   0.000000   )
 (  0.089343   0.000000     0.206189   0.000000     0.000000   0.000000   )
 (  0.093131   0.000000    -0.261052   0.000000     0.000000   0.000000   )
 ( -0.093131   0.000000    -0.261052   0.000000    -0.000000   0.000000   )
 ( -0.000000   0.000000     0.284580   0.000000     0.000000   0.000000   )
 (  0.000000   0.000000     0.284580   0.000000     0.000000   0.000000   )
 ( -0.093131   0.000000    -0.261052   0.000000     0.000000   0.000000   )
 (  0.093131   0.000000    -0.261052   0.000000    -0.000000   0.000000   )
 (  0.089343   0.000000     0.206189   0.000000     0.000000   0.000000   )
 ( -0.089343   0.000000     0.206189   0.000000     0.000000   0.000000   )
 (  0.074212   0.000000    -0.070925   0.000000    -0.000000   0.000000   )
 ( -0.074212   0.000000    -0.070925   0.000000    -0.000000   0.000000   )
 ( -0.160762   0.000000    -0.214026   0.000000    -0.000000   0.000000   )
 (  0.160762   0.000000    -0.214026   0.000000     0.000000   0.000000   )
     freq (   41) =      40.097871 [THz] =    1337.520993 [cm-1]
 (  0.271773   0.000000    -0.196266   0.000000     0.000000   0.000000   )
 ( -0.271773   0.000000    -0.196266   0.000000    -0.000000   0.000000   )
 (  0.040298   0.000000    -0.061376   0.000000     0.000000   0.000000   )
 ( -0.040298   0.000000    -0.061376   0.000000    -0.000000   0.000000   )
 (  0.066420   0.000000     0.216143   0.000000     0.000000   0.000000   )
 ( -0.066420   0.000000     0.216143   0.000000     0.000000   0.000000   )
 ( -0.067756   0.000000    -0.202687   0.000000     0.000000   0.000000   )
 (  0.067756   0.000000    -0.202687   0.000000     0.000000   0.000000   )
 ( -0.266179   0.000000    -0.000000   0.000000    -0.000000   0.000000   )
 (  0.266179   0.000000    -0.000000   0.000000    -0.000000   0.000000   )
 ( -0.067756   0.000000     0.202687   0.000000     0.000000   0.000000   )
 (  0.067756   0.000000     0.202687   0.000000     0.000000   0.000000   )
 (  0.066420   0.000000    -0.216143   0.000000    -0.000000   0.000000   )
 ( -0.066420   0.000000    -0.216143   0.000000     0.000000   0.000000   )
 (  0.040298   0.000000     0.061376   0.000000     0.000000   0.000000   )
 ( -0.040298   0.000000     0.061376   0.000000    -0.000000   0.000000   )
 (  0.271773   0.000000     0.196266   0.000000     0.000000   0.000000   )
 ( -0.271773   0.000000     0.196266   0.000000     0.000000   0.000000   )
     freq (   42) =      40.460020 [THz] =    1349.600983 [cm-1]
 ( -0.402825   0.000000     0.229080   0.000000     0.000000   0.000000   )
 ( -0.402825   0.000000    -0.229080   0.000000     0.000000   0.000000   )
 (  0.063598   0.000000    -0.029907   0.000000     0.000000   0.000000   )
 (  0.063598   0.000000     0.029907   0.000000     0.000000   0.000000   )
 ( -0.073642   0.000000    -0.095394   0.000000    -0.000000   0.000000   )
 ( -0.073642   0.000000     0.095394   0.000000    -0.000000   0.000000   )
 (  0.067898   0.000000    -0.012824   0.000000     0.000000   0.000000   )
 (  0.067898   0.000000     0.012824   0.000000     0.000000   0.000000   )
 (  0.000000   0.000000     0.148439   0.000000    -0.000000   0.000000   )
 ( -0.000000   0.000000    -0.148439   0.000000    -0.000000   0.000000   )
 ( -0.067898   0.000000    -0.012824   0.000000    -0.000000   0.000000   )
 ( -0.067898   0.000000     0.012824   0.000000     0.000000   0.000000   )
 (  0.073642   0.000000    -0.095394   0.000000    -0.000000   0.000000   )
 (  0.073642   0.000000     0.095394   0.000000    -0.000000   0.000000   )
 ( -0.063598   0.000000    -0.029907   0.000000    -0.000000   0.000000   )
 ( -0.063598   0.000000     0.029907   0.000000     0.000000   0.000000   )
 (  0.402825   0.000000     0.229080   0.000000     0.000000   0.000000   )
 (  0.402825   0.000000    -0.229080   0.000000    -0.000000   0.000000   )
     freq (   43) =      41.927169 [THz] =    1398.539834 [cm-1]
 (  0.052315   0.000000     0.119469   0.000000    -0.000000   0.000000   )
 ( -0.052315   0.000000     0.119469   0.000000     0.000000   0.000000   )
 (  0.277897   0.000000    -0.025400   0.000000    -0.000000   0.000000   )
 ( -0.277897   0.000000    -0.025400   0.000000    -0.000000   0.000000   )
 (  0.265135   0.000000     0.136295   0.000000     0.000000   0.000000   )
 ( -0.265135   0.000000     0.136295   0.000000    -0.000000   0.000000   )
 ( -0.222030   0.000000    -0.129478   0.000000    -0.000000   0.000000   )
 (  0.222030   0.000000    -0.129478   0.000000    -0.000000   0.000000   )
 (  0.000000   0.000000     0.019147   0.000000     0.000000   0.000000   )
 ( -0.000000   0.000000     0.019147   0.000000    -0.000000   0.000000   )
 (  0.222030   0.000000    -0.129478   0.000000    -0.000000   0.000000   )
 ( -0.222030   0.000000    -0.129478   0.000000    -0.000000   0.000000   )
 ( -0.265135   0.000000     0.136295   0.000000    -0.000000   0.000000   )
 (  0.265135   0.000000     0.136295   0.000000     0.000000   0.000000   )
 ( -0.277897   0.000000    -0.025400   0.000000     0.000000   0.000000   )
 (  0.277897   0.000000    -0.025400   0.000000     0.000000   0.000000   )
 ( -0.052315   0.000000     0.119469   0.000000    -0.000000   0.000000   )
 (  0.052315   0.000000     0.119469   0.000000    -0.000000   0.000000   )
     freq (   44) =      42.327637 [THz] =    1411.897985 [cm-1]
 ( -0.431970   0.000000     0.180759   0.000000     0.000000   0.000000   )
 ( -0.431970   0.000000    -0.180759   0.000000    -0.000000   0.000000   )
 (  0.082143   0.000000    -0.100590   0.000000    -0.000000   0.000000   )
 (  0.082143   0.000000     0.100590   0.000000    -0.000000   0.000000   )
 ( -0.082321   0.000000     0.008662   0.000000     0.000000   0.000000   )
 ( -0.082321   0.000000    -0.008662   0.000000    -0.000000   0.000000   )
 (  0.048235   0.000000     0.066078   0.000000    -0.000000   0.000000   )
 (  0.048235   0.000000    -0.066078   0.000000    -0.000000   0.000000   )
 ( -0.025208   0.000000     0.000000   0.000000    -0.000000   0.000000   )
 ( -0.025208   0.000000    -0.000000   0.000000    -0.000000   0.000000   )
 (  0.048235   0.000000    -0.066078   0.000000     0.000000   0.000000   )
 (  0.048235   0.000000     0.066078   0.000000    -0.000000   0.000000   )
 ( -0.082321   0.000000    -0.008662   0.000000     0.000000   0.000000   )
 ( -0.082321   0.000000     0.008662   0.000000     0.000000   0.000000   )
 (  0.082143   0.000000     0.100590   0.000000     0.000000   0.000000   )
 (  0.082143   0.000000    -0.100590   0.000000    -0.000000   0.000000   )
 ( -0.431970   0.000000    -0.180759   0.000000    -0.000000   0.000000   )
 ( -0.431970   0.000000     0.180759   0.000000     0.000000   0.000000   )
     freq (   45) =      43.186366 [THz] =    1440.542100 [cm-1]
 ( -0.144309   0.000000     0.253788   0.000000     0.000000   0.000000   )
 (  0.144309   0.000000     0.253788   0.000000    -0.000000   0.000000   )
 (  0.297902   0.000000    -0.016871   0.000000     0.000000   0.000000   )
 ( -0.297902   0.000000    -0.016871   0.000000    -0.000000   0.000000   )
 (  0.142056   0.000000     0.032299   0.000000    -0.000000   0.000000   )
 ( -0.142056   0.000000     0.032299   0.000000     0.000000   0.000000   )
 ( -0.131793   0.000000    -0.024934   0.000000     0.000000   0.000000   )
 (  0.131793   0.000000    -0.024934   0.000000    -0.000000   0.000000   )
 (  0.270265   0.000000     0.000000   0.000000    -0.000000   0.000000   )
 ( -0.270265   0.000000    -0.000000   0.000000     0.000000   0.000000   )
 ( -0.131793   0.000000     0.024934   0.000000     0.000000   0.000000   )
 (  0.131793   0.000000     0.024934   0.000000    -0.000000   0.000000   )
 (  0.142056   0.000000    -0.032299   0.000000    -0.000000   0.000000   )
 ( -0.142056   0.000000    -0.032299   0.000000     0.000000   0.000000   )
 (  0.297902   0.000000     0.016871   0.000000    -0.000000   0.000000   )
 ( -0.297902   0.000000     0.016871   0.000000     0.000000   0.000000   )
 ( -0.144309   0.000000    -0.253788   0.000000     0.000000   0.000000   )
 (  0.144309   0.000000    -0.253788   0.000000    -0.000000   0.000000   )
     freq (   46) =      43.463635 [THz] =    1449.790820 [cm-1]
 (  0.397561   0.000000    -0.109804   0.000000     0.000000   0.000000   )
 (  0.397561   0.000000     0.109804   0.000000    -0.000000   0.000000   )
 ( -0.084109   0.000000     0.150824   0.000000    -0.000000   0.000000   )
 ( -0.084109   0.000000    -0.150824   0.000000     0.000000   0.000000   )
 (  0.059083   0.000000    -0.127894   0.000000    -0.000000   0.000000   )
 (  0.059083   0.000000     0.127894   0.000000    -0.000000   0.000000   )
 (  0.009800   0.000000    -0.086660   0.000000    -0.000000   0.000000   )
 (  0.009800   0.000000     0.086660   0.000000     0.000000   0.000000   )
 ( -0.000000   0.000000     0.212661   0.000000    -0.000000   0.000000   )
 (  0.000000   0.000000    -0.212661   0.000000     0.000000   0.000000   )
 ( -0.009800   0.000000    -0.086660   0.000000     0.000000   0.000000   )
 ( -0.009800   0.000000     0.086660   0.000000    -0.000000   0.000000   )
 ( -0.059083   0.000000    -0.127894   0.000000     0.000000   0.000000   )
 ( -0.059083   0.000000     0.127894   0.000000    -0.000000   0.000000   )
 (  0.084109   0.000000     0.150824   0.000000    -0.000000   0.000000   )
 (  0.084109   0.000000    -0.150824   0.000000     0.000000   0.000000   )
 ( -0.397561   0.000000    -0.109804   0.000000     0.000000   0.000000   )
 ( -0.397561   0.000000     0.109804   0.000000     0.000000   0.000000   )
     freq (   47) =      45.861352 [THz] =    1529.770052 [cm-1]
 (  0.095192   0.000000     0.034895   0.000000    -0.000000   0.000000   )
 (  0.095192   0.000000    -0.034895   0.000000     0.000000   0.000000   )
 ( -0.027510   0.000000     0.103191   0.000000    -0.000000   0.000000   )
 ( -0.027510   0.000000    -0.103191   0.000000     0.000000   0.000000   )
 ( -0.023004   0.000000    -0.290567   0.000000    -0.000000   0.000000   )
 ( -0.023004   0.000000     0.290567   0.000000    -0.000000   0.000000   )
 (  0.031046   0.000000     0.325944   0.000000     0.000000   0.000000   )
 (  0.031046   0.000000    -0.325944   0.000000     0.000000   0.000000   )
 ( -0.000000   0.000000    -0.268901   0.000000    -0.000000   0.000000   )
 (  0.000000   0.000000     0.268901   0.000000    -0.000000   0.000000   )
 ( -0.031046   0.000000     0.325944   0.000000    -0.000000   0.000000   )
 ( -0.031046   0.000000    -0.325944   0.000000     0.000000   0.000000   )
 (  0.023004   0.000000    -0.290567   0.000000    -0.000000   0.000000   )
 (  0.023004   0.000000     0.290567   0.000000    -0.000000   0.000000   )
 (  0.027510   0.000000     0.103191   0.000000    -0.000000   0.000000   )
 (  0.027510   0.000000    -0.103191   0.000000     0.000000   0.000000   )
 ( -0.095192   0.000000     0.034895   0.000000     0.000000   0.000000   )
 ( -0.095192   0.000000    -0.034895   0.000000    -0.000000   0.000000   )
     freq (   48) =      46.224118 [THz] =    1541.870596 [cm-1]
 ( -0.261006   0.000000     0.280265   0.000000    -0.000000   0.000000   )
 (  0.261006   0.000000     0.280265   0.000000    -0.000000   0.000000   )
 (  0.246356   0.000000    -0.024023   0.000000     0.000000   0.000000   )
 ( -0.246356   0.000000    -0.024023   0.000000     0.000000   0.000000   )
 ( -0.112431   0.000000    -0.033017   0.000000     0.000000   0.000000   )
 (  0.112431   0.000000    -0.033017   0.000000     0.000000   0.000000   )
 (  0.163254   0.000000     0.005622   0.000000     0.000000   0.000000   )
 ( -0.163254   0.000000     0.005622   0.000000    -0.000000   0.000000   )
 ( -0.000000   0.000000     0.057349   0.000000     0.000000   0.000000   )
 (  0.000000   0.000000     0.057349   0.000000    -0.000000   0.000000   )
 ( -0.163254   0.000000     0.005622   0.000000     0.000000   0.000000   )
 (  0.163254   0.000000     0.005622   0.000000     0.000000   0.000000   )
 (  0.112431   0.000000    -0.033017   0.000000     0.000000   0.000000   )
 ( -0.112431   0.000000    -0.033017   0.000000     0.000000   0.000000   )
 ( -0.246356   0.000000    -0.024023   0.000000     0.000000   0.000000   )
 (  0.246356   0.000000    -0.024023   0.000000     0.000000   0.000000   )
 (  0.261006   0.000000     0.280265   0.000000    -0.000000   0.000000   )
 ( -0.261006   0.000000     0.280265   0.000000     0.000000   0.000000   )
     freq (   49) =      46.587364 [THz] =    1553.987205 [cm-1]
 (  0.130528   0.000000     0.041997   0.000000    -0.000000   0.000000   )
 (  0.130528   0.000000    -0.041997   0.000000     0.000000   0.000000   )
 ( -0.040732   0.000000     0.134203   0.000000    -0.000000   0.000000   )
 ( -0.040732   0.000000    -0.134203   0.000000     0.000000   0.000000   )
 ( -0.025036   0.000000    -0.345877   0.000000     0.000000   0.000000   )
 ( -0.025036   0.000000     0.345877   0.000000    -0.000000   0.000000   )
 (  0.049104   0.000000     0.297924   0.000000     0.000000   0.000000   )
 (  0.049104   0.000000    -0.297924   0.000000     0.000000   0.000000   )
 (  0.014266   0.000000    -0.000000   0.000000     0.000000   0.000000   )
 (  0.014266   0.000000    -0.000000   0.000000    -0.000000   0.000000   )
 (  0.049104   0.000000    -0.297924   0.000000     0.000000   0.000000   )
 (  0.049104   0.000000     0.297924   0.000000    -0.000000   0.000000   )
 ( -0.025036   0.000000     0.345877   0.000000     0.000000   0.000000   )
 ( -0.025036   0.000000    -0.345877   0.000000     0.000000   0.000000   )
 ( -0.040732   0.000000    -0.134203   0.000000     0.000000   0.000000   )
 ( -0.040732   0.000000     0.134203   0.000000    -0.000000   0.000000   )
 (  0.130528   0.000000    -0.041997   0.000000    -0.000000   0.000000   )
 (  0.130528   0.000000     0.041997   0.000000     0.000000   0.000000   )
     freq (   50) =      48.994827 [THz] =    1634.291526 [cm-1]
 (  0.217452   0.000000    -0.224223   0.000000     0.000000   0.000000   )
 ( -0.217452   0.000000    -0.224223   0.000000     0.000000   0.000000   )
 ( -0.239813   0.000000     0.048026   0.000000     0.000000   0.000000   )
 (  0.239813   0.000000     0.048026   0.000000     0.000000   0.000000   )
 (  0.183133   0.000000     0.005782   0.000000     0.000000   0.000000   )
 ( -0.183133   0.000000     0.005782   0.000000    -0.000000   0.000000   )
 ( -0.196439   0.000000    -0.019307   0.000000    -0.000000   0.000000   )
 (  0.196439   0.000000    -0.019307   0.000000    -0.000000   0.000000   )
 (  0.200448   0.000000     0.000000   0.000000    -0.000000   0.000000   )
 ( -0.200448   0.000000     0.000000   0.000000    -0.000000   0.000000   )
 ( -0.196439   0.000000     0.019307   0.000000    -0.000000   0.000000   )
 (  0.196439   0.000000     0.019307   0.000000     0.000000   0.000000   )
 (  0.183133   0.000000    -0.005782   0.000000    -0.000000   0.000000   )
 ( -0.183133   0.000000    -0.005782   0.000000    -0.000000   0.000000   )
 ( -0.239813   0.000000    -0.048026   0.000000    -0.000000   0.000000   )
 (  0.239813   0.000000    -0.048026   0.000000    -0.000000   0.000000   )
 (  0.217452   0.000000     0.224223   0.000000    -0.000000   0.000000   )
 ( -0.217452   0.000000     0.224223   0.000000    -0.000000   0.000000   )
     freq (   51) =      95.869273 [THz] =    3197.854730 [cm-1]
 (  0.243699   0.000000     0.434536   0.000000     0.000000   0.000000   )
 (  0.243699   0.000000    -0.434536   0.000000    -0.000000   0.000000   )
 ( -0.019833   0.000000    -0.037347   0.000000    -0.000000   0.000000   )
 ( -0.019833   0.000000     0.037347   0.000000     0.000000   0.000000   )
 ( -0.000913   0.000000     0.000398   0.000000    -0.000000   0.000000   )
 ( -0.000913   0.000000    -0.000398   0.000000    -0.000000   0.000000   )
 (  0.000286   0.000000     0.000459   0.000000    -0.000000   0.000000   )
 (  0.000286   0.000000    -0.000459   0.000000    -0.000000   0.000000   )
 (  0.000000   0.000000    -0.000186   0.000000    -0.000000   0.000000   )
 (  0.000000   0.000000     0.000186   0.000000    -0.000000   0.000000   )
 ( -0.000286   0.000000     0.000459   0.000000    -0.000000   0.000000   )
 ( -0.000286   0.000000    -0.000459   0.000000    -0.000000   0.000000   )
 (  0.000913   0.000000     0.000398   0.000000     0.000000   0.000000   )
 (  0.000913   0.000000    -0.000398   0.000000    -0.000000   0.000000   )
 (  0.019833   0.000000    -0.037347   0.000000    -0.000000   0.000000   )
 (  0.019833   0.000000     0.037347   0.000000     0.000000   0.000000   )
 ( -0.243699   0.000000     0.434536   0.000000     0.000000   0.000000   )
 ( -0.243699   0.000000    -0.434536   0.000000     0.000000   0.000000   )
     freq (   52) =      95.874619 [THz] =    3198.033062 [cm-1]
 (  0.243771   0.000000     0.434498   0.000000    -0.000000   0.000000   )
 (  0.243771   0.000000    -0.434498   0.000000     0.000000   0.000000   )
 ( -0.019831   0.000000    -0.037313   0.000000     0.000000   0.000000   )
 ( -0.019831   0.000000     0.037313   0.000000    -0.000000   0.000000   )
 ( -0.000905   0.000000     0.000470   0.000000    -0.000000   0.000000   )
 ( -0.000905   0.000000    -0.000470   0.000000     0.000000   0.000000   )
 (  0.000301   0.000000     0.000416   0.000000    -0.000000   0.000000   )
 (  0.000301   0.000000    -0.000416   0.000000    -0.000000   0.000000   )
 ( -0.000068   0.000000    -0.000000   0.000000     0.000000   0.000000   )
 ( -0.000068   0.000000     0.000000   0.000000    -0.000000   0.000000   )
 (  0.000301   0.000000    -0.000416   0.000000     0.000000   0.000000   )
 (  0.000301   0.000000     0.000416   0.000000    -0.000000   0.000000   )
 ( -0.000905   0.000000    -0.000470   0.000000     0.000000   0.000000   )
 ( -0.000905   0.000000     0.000470   0.000000     0.000000   0.000000   )
 ( -0.019831   0.000000     0.037313   0.000000     0.000000   0.000000   )
 ( -0.019831   0.000000    -0.037313   0.000000    -0.000000   0.000000   )
 (  0.243771   0.000000    -0.434498   0.000000    -0.000000   0.000000   )
 (  0.243771   0.000000     0.434498   0.000000     0.000000   0.000000   )
     freq (   53) =      97.028515 [THz] =    3236.522895 [cm-1]
 (  0.248093   0.000000     0.431913   0.000000    -0.000000   0.000000   )
 ( -0.248093   0.000000     0.431913   0.000000    -0.000000   0.000000   )
 ( -0.022834   0.000000    -0.037141   0.000000     0.000000   0.000000   )
 (  0.022834   0.000000    -0.037141   0.000000     0.000000   0.000000   )
 ( -0.000264   0.000000     0.000588   0.000000    -0.000000   0.000000   )
 (  0.000264   0.000000     0.000588   0.000000     0.000000   0.000000   )
 ( -0.000026   0.000000     0.000260   0.000000     0.000000   0.000000   )
 (  0.000026   0.000000     0.000260   0.000000    -0.000000   0.000000   )
 (  0.000000   0.000000     0.000051   0.000000     0.000000   0.000000   )
 ( -0.000000   0.000000     0.000051   0.000000    -0.000000   0.000000   )
 (  0.000026   0.000000     0.000260   0.000000    -0.000000   0.000000   )
 ( -0.000026   0.000000     0.000260   0.000000     0.000000   0.000000   )
 (  0.000264   0.000000     0.000588   0.000000     0.000000   0.000000   )
 ( -0.000264   0.000000     0.000588   0.000000    -0.000000   0.000000   )
 (  0.022834   0.000000    -0.037141   0.000000     0.000000   0.000000   )
 ( -0.022834   0.000000    -0.037141   0.000000    -0.000000   0.000000   )
 ( -0.248093   0.000000     0.431913   0.000000    -0.000000   0.000000   )
 (  0.248093   0.000000     0.431913   0.000000     0.000000   0.000000   )
     freq (   54) =      97.040208 [THz] =    3236.912933 [cm-1]
 ( -0.248316   0.000000    -0.431786   0.000000     0.000000   0.000000   )
 (  0.248316   0.000000    -0.431786   0.000000     0.000000   0.000000   )
 (  0.022724   0.000000     0.037190   0.000000    -0.000000   0.000000   )
 ( -0.022724   0.000000     0.037190   0.000000    -0.000000   0.000000   )
 (  0.000335   0.000000    -0.000659   0.000000     0.000000   0.000000   )
 ( -0.000335   0.000000    -0.000659   0.000000     0.000000   0.000000   )
 (  0.000027   0.000000    -0.000282   0.000000     0.000000   0.000000   )
 ( -0.000027   0.000000    -0.000282   0.000000     0.000000   0.000000   )
 (  0.000125   0.000000    -0.000000   0.000000     0.000000   0.000000   )
 ( -0.000125   0.000000    -0.000000   0.000000    -0.000000   0.000000   )
 (  0.000027   0.000000     0.000282   0.000000     0.000000   0.000000   )
 ( -0.000027   0.000000     0.000282   0.000000     0.000000   0.000000   )
 (  0.000335   0.000000     0.000659   0.000000     0.000000   0.000000   )
 ( -0.000335   0.000000     0.000659   0.000000    -0.000000   0.000000   )
 (  0.022724   0.000000    -0.037190   0.000000     0.000000   0.000000   )
 ( -0.022724   0.000000    -0.037190   0.000000    -0.000000   0.000000   )
 ( -0.248316   0.000000     0.431786   0.000000    -0.000000   0.000000   )
 (  0.248316   0.000000     0.431786   0.000000     0.000000   0.000000   )
 **************************************************************************
